-1
5
0
1
6
2
3
4
7
8
17
37
42
54
106
8
33
52
25
20
12
110
35
114
46
37
78
8
19
64
89
81
9
17
85
15
51
91
92
128
27
32
80
103
77
15
80
39
44
11
44
109
8
90
12
28
13
64
37
20
146
30
8
64
8
88
136
20
9
25
11
124
32
46
46
15
109
72
48
117
9
84
15
32
15
8
134
53
56
31
39
52
71
44
132
46
39
25
46
28
124
15
29
37
8
20
52
106
119
8
12
9
31
20
35
110
31
12
23
30
68
46
37
76
61
64
9
80
35
72
39
78
85
120
72
110
119
56
81
110
8
12
27
8
37
7
31
79
221
6312
8307
8448
5126
6091
7047
2866
1
4000
5387
1160
3868
4869
8487
5674
2136
1183
4473
8061
1429
564
5903
5419
1077
913
2153
7040
7734
6832
4362
4996
713
1
5575
6292
3264
1861
8086
5960
5949
785
7495
1174
7351
772
3636
1983
2009
4943
1951
7701
1891
7132
2468
6585
6778
5946
3165
1411
1691
4397
5997
7314
6970
7758
922
1069
3482
4493
4325
7074
8235
6726
2739
5605
1118
1728
203
7096
1568
2677
1721
6213
977
3248
1
6932
7948
2133
3551
3257
5781
6274
5057
7154
725
1120
4191
5355
7338
850
5721
1349
6106
4072
7429
8428
7890
5692
2948
3870
574
1574
3
5114
1996
6564
2814
2793
6059
6547
3568
7853
4542
5339
4230
6081
5848
5492
414
1566
1846
6818
7344
2889
702
6148
1339
5976
6139
7937
351
1366
7254
7444
2350
4041
7450
20
5983
5367
3454
2891
5408
5278
6
482
4385
3494
1924
4196
1727
3359
1
177
2592
3909
6008
1837
7629
715
6178
6008
4694
5846
5539
2988
7501
7287
1495
2187
5148
7490
3498
5402
4765
2660
970
8334
1482
461
1201
3804
6086
233
1094
2529
5294
6407
3282
5542
1
2595
3876
5007
4075
1542
3346
5964
2847
1006
6
5751
5848
1011
4778
3938
894
1139
4673
4277
1864
7042
196
632
6024
2636
1622
6870
3659
3733
7342
5959
6
833
8108
3006
8356
1999
29
7628
5222
7118
4099
4366
2499
6063
1
1454
519
2677
5720
6611
2371
5810
7800
1957
5355
2213
5330
430
3022
6119
7846
4058
4638
7315
2543
458
4972
857
3497
4592
6540
4253
7067
4328
3527
4003
3515
2890
7993
3886
8026
3932
3380
6342
6208
938
3721
1461
4864
1
6017
6016
1032
8205
4203
3863
687
1850
446
6293
5905
3359
3268
6047
5619
6982
6942
8278
5638
5411
7193
4652
4296
8459
4244
7545
4805
7241
7916
2133
2531
5578
7979
1396
190
3721
431
1724
7252
2723
3082
1979
5923
6032
6845
2407
969
7761
1792
6695
5479
3126
5500
4977
720
206
5144
3865
3407
5990
7317
1
5937
4149
1324
8144
8466
5679
4251
8057
1027
5974
6259
1162
7584
4628
2098
1636
5492
288
2007
7116
7002
4845
4355
1739
2154
3090
4486
4286
4717
4979
1336
2101
7058
6433
4356
1264
6251
372
3818
5002
660
5938
6073
1410
3801
468
4744
1
3106
171
1073
1824
1575
4
6138
435
198
5922
449
5692
6701
5376
3666
5473
3583
6807
667
278
2044
5985
5304
8040
12
3319
7393
3675
2169
4779
5708
1646
4356
3626
240
478
5595
597
2010
2255
16
1594
3925
6440
4891
399
5672
8475
3107
637
2086
906
7538
2426
5012
2098
4320
5375
3909
8079
4647
3767
2548
2873
4339
1
4207
4126
3021
4168
2974
4147
7608
4630
3017
5254
3250
1611
4497
3719
8051
7425
6358
2224
4248
6424
3927
1737
1423
5233
2598
7518
1283
7441
3713
4255
3297
5661
6983
1177
7559
5574
3438
1483
5659
6681
2115
1679
8420
8097
7243
8175
2017
7189
3399
214
5666
4972
4240
5251
7631
390
2485
427
304
3473
5380
2999
4540
7803
8133
5485
6025
1035
4267
4440
3127
6346
6469
8202
514
7454
7086
3789
6232
6910
55
2466
4350
4305
3178
1702
7933
11
5750
4055
6661
3647
3723
6746
7399
779
5239
5224
6008
6463
4363
2381
1742
3074
5130
1
2030
2404
4649
4985
6802
6837
6251
3961
2247
8117
7258
7495
474
1
6999
2361
5182
2999
943
2460
2168
217
1135
2044
6856
492
7921
6294
46
3913
5825
2983
7760
6626
387
4260
6784
8002
7350
6651
1249
3
7264
4176
5919
8279
6840
446
7308
2777
5086
6637
25
6076
2680
1927
185
149
6002
3725
7828
350
1494
4401
2136
7264
5125
601
3910
1
3305
3518
3174
6165
1876
2190
5322
5644
299
3764
2378
7140
6707
1
8416
1307
8332
5625
7648
6697
6903
2591
2276
2645
595
3635
7579
860
6890
6603
5606
8399
5976
6589
4596
3438
2352
4638
5064
5232
7058
6725
3031
374
649
4393
4641
1683
3159
8003
2381
3648
2720
3771
5235
7672
4330
7605
2149
6862
3382
2697
7899
831
1145
1501
1903
5998
1676
4
1527
168
7401
447
2084
1747
2796
414
4098
6661
7894
7627
6802
2896
7316
49
8006
258
4261
7048
6068
5095
2991
8082
2168
5335
6027
501
3049
8037
2812
2935
178
5081
2542
1300
362
2459
2977
2194
1742
4781
2453
5311
4012
5257
6500
7105
3108
1
5855
5991
5319
6943
1231
3257
5632
8491
5743
5346
4585
2522
4481
7394
3907
1793
6746
2378
6333
7092
7982
7312
5194
2570
8492
3112
2704
1487
7948
1052
4820
3089
6661
1960
5750
3253
5500
7427
4622
2378
4881
1721
64
709
2848
4320
2133
1833
3066
3298
2839
3001
1428
3631
8251
4943
2116
4111
1980
8005
5620
7219
2259
2228
7524
6324
1497
1830
6524
3348
5274
1184
2034
920
6952
7790
3157
1382
5326
1497
3192
1247
6854
3554
4874
1177
854
5582
5593
1628
3378
861
5307
6358
6024
1807
3036
428
5212
7899
261
6026
5573
8391
5241
3405
1263
1260
8479
1394
1402
2389
6385
1622
7980
2431
5923
1161
3083
1653
7349
929
626
1252
4818
1210
5478
8224
4119
3793
4415
2104
7777
7100
6333
1485
2465
4466
857
8319
4412
3063
317
1063
3
2126
6865
2835
172
3187
1692
3758
3169
2518
3247
5316
7054
1
4361
466
5539
2641
8061
3805
290
8065
5954
1257
3308
5001
3870
6718
3780
4245
7233
6523
7211
5491
1316
1907
3007
4415
215
6078
3976
8432
1803
2837
1045
6419
397
236
2819
267
1519
843
5743
565
2256
1665
7089
8018
7200
2202
4236
5137
1554
4801
3495
5456
2659
1229
924
1220
1344
6512
4176
1341
6
5369
6882
1783
7823
1855
6626
3450
7224
1037
508
1116
3391
6334
7195
1015
7179
7608
2965
4194
7339
3725
2698
7399
3835
1
5788
4091
7918
3350
7498
6923
5829
3196
3466
8279
508
1
7377
2777
7532
474
8444
837
5451
2605
5472
8246
1005
4444
6744
6622
4485
7937
7305
177
1985
8011
3266
8031
7064
1766
7349
6705
3441
2817
726
2116
1077
3956
2026
7
7007
778
4620
4259
2856
1143
2613
3102
6235
3343
2271
1906
5222
1560
7020
6623
4250
536
6016
3154
7652
1220
1075
1791
5574
5431
619
5724
6793
7602
2439
2891
6407
6
2535
4303
1
751
1998
5374
4721
4453
3212
7009
1737
6835
7086
6646
5742
7355
4778
3349
6154
4386
2994
471
6478
4386
2499
6258
2374
990
3631
3301
7307
1184
1
328
1733
7279
1695
1114
8361
1368
6267
1730
6243
8275
1729
441
7387
3742
1
1978
7835
2806
3699
5822
2312
1834
5004
440
6883
1
371
1013
3825
3494
4068
2677
6587
7579
6316
4009
4810
6428
4869
1
4861
1408
1618
2545
1
2194
1
3920
8017
3791
4846
1865
2350
6098
883
7972
4883
5009
377
3825
2189
6716
6888
565
733
1213
6590
455
1
5074
2211
2644
940
858
1615
5685
4843
2251
7968
1396
5804
1057
4181
4753
4230
909
8037
3505
1
4602
5314
573
1786
415
6491
3616
3576
2666
49
6225
387
5566
1812
6264
2268
1735
2627
1402
4774
2928
1653
6670
1735
6329
6306
4924
7564
1838
607
7041
4892
3800
2798
1836
1
1540
2297
7852
5280
4681
6492
2814
1487
4123
8148
17
3205
6326
3650
1216
1578
2538
2121
3172
4073
5279
2824
3405
4566
1
4
2664
473
2332
1134
8290
3957
4474
7810
7363
4020
6708
5931
6553
832
793
7981
4002
5126
6385
5005
7563
3442
1740
175
2494
7785
5869
2147
8033
5123
788
1994
5866
6245
3988
5866
1498
192
1786
4201
5539
3118
2110
1420
7587
5705
1737
2022
5300
6046
8118
2349
4426
6500
6092
8357
5267
7264
8271
7223
2772
8034
4963
7834
7888
331
7261
3394
7315
3186
6989
7121
3928
4215
799
1256
6191
3513
7935
226
8411
4977
2664
5885
1202
510
1667
2314
3739
7173
8140
2147
8421
6896
7729
5612
4748
7891
4383
5183
1475
313
1988
6228
7086
3098
6955
2199
5591
5048
539
5060
1895
208
7412
1872
4497
5300
5411
7565
1148
5433
3041
935
6995
1
1012
702
5927
5216
931
5427
2931
205
4296
2668
6876
1815
7857
6142
1713
8036
7468
8082
8031
4642
1614
1174
4336
5574
641
3300
3093
2280
1326
4687
6658
5547
3
3604
740
4336
8342
4342
1646
50
365
7671
1812
1779
1755
6298
1
5887
8064
6939
3868
6839
5624
2362
5404
5443
4915
5939
2706
5319
2010
6868
4150
4252
4241
1058
8485
7857
3338
4556
4732
1
3
3183
7694
3
6628
607
4437
4639
7202
850
3366
4557
1832
374
5849
3385
4671
2985
3586
5086
1377
8348
1772
4444
7335
6035
6470
1062
6805
3785
2858
8182
8094
7703
4615
6388
6656
266
3249
6133
4170
3482
1244
1629
577
925
3298
5021
6357
1162
6203
2357
152
1490
2343
2670
1364
7922
3024
6186
5401
1134
465
6177
8197
6620
182
4487
5933
6
3221
6411
7963
6490
6936
2348
1746
3850
3301
4172
1455
7073
7429
3388
4376
3490
8165
4332
2056
171
1162
7067
2785
5366
2545
5585
2323
857
557
4065
712
3849
5530
7499
2500
6022
8033
6385
6493
2964
6202
3507
2945
5249
3932
6641
6525
4045
740
2702
3801
1429
6876
3938
5172
3933
8016
7812
7449
2494
6121
6909
3763
1
2270
892
8152
4634
827
4250
6535
1693
1
5989
2646
2644
3325
6
2409
6589
6179
6706
3900
6208
1595
4692
1
1290
4988
5934
7381
8181
4052
2959
7361
221
3736
7599
2521
5859
1257
7924
7801
5566
2428
4244
6652
4737
3925
1177
1495
208
7723
524
7548
4292
469
252
3112
3970
2625
1768
3884
6872
3296
6656
186
6066
1466
6644
2051
2069
3369
8431
1500
1941
3182
3074
2124
1150
8114
619
170
2885
3907
6916
4170
6485
5628
2246
3308
5357
8215
7109
7746
2670
1
7542
2862
3026
702
202
3431
2810
8050
7656
1562
2250
5279
6045
3529
682
6698
4463
2828
8219
1724
7507
7360
1468
3712
4474
4042
8240
4972
1441
4626
3626
6321
7470
7793
7832
7612
4699
6930
6683
3699
2292
6407
1062
4660
201
5836
1369
1253
2058
7137
5607
1302
6358
8313
2822
539
6473
4852
3944
5399
2492
2685
2888
4121
8445
2906
4149
5926
8196
556
4796
2470
2263
1325
7847
6683
1205
3728
5619
4974
6326
2345
5899
4088
4749
8344
7984
5917
6457
7017
7123
1062
8433
4605
2943
741
409
1623
5207
5860
5333
7996
1530
4189
944
4308
3298
6323
4673
2787
8388
2343
2519
4619
2052
6031
27
8033
1042
6692
656
7704
4950
2736
1
219
6010
5627
4378
2531
3561
2491
4119
1417
2259
1716
5435
2560
4898
5214
2858
228
6456
3370
1408
1237
4609
7440
4183
1518
3286
951
257
7626
4924
2320
3250
2858
403
7021
5869
5530
3182
5654
3390
2819
8459
1815
4
6947
2948
4603
3294
2599
1298
7314
2405
1487
5458
3915
2297
1
1263
1005
4345
1527
351
8019
257
656
8206
1898
958
4041
6638
8127
4892
5432
458
2664
5473
2314
6896
685
202
1069
4871
986
24
2894
3886
8014
6936
6732
5486
1910
4033
3324
4152
5664
4821
3992
7065
2494
7147
7730
998
3
4386
2455
414
8050
578
1114
4473
4089
7995
6849
5349
1677
4454
4653
4879
6618
273
4639
6
6119
1
3
6391
7045
6456
3043
1576
1615
1188
990
672
852
3907
3382
7079
6363
4519
3
38
413
2103
8197
1514
5393
1766
7167
982
7464
242
6230
1140
4007
7562
4562
7209
503
6830
5602
411
3897
6391
6122
4103
6291
3648
6321
2198
92
1
634
1655
4628
1986
889
7570
422
6016
7752
3574
2268
8108
1539
6100
4872
2141
1959
3622
1
523
7360
1915
1793
482
6515
6652
3378
4797
3635
8047
7540
4177
377
7681
8176
4956
710
6870
8363
7123
6856
6800
4045
860
4351
8018
8330
7536
3144
2626
3596
2466
612
6593
1536
551
4954
4657
5688
5565
7365
978
5491
6676
637
1332
2639
5719
6152
6617
4211
3679
7451
6116
7975
3237
6899
5307
963
4286
6184
963
6222
4092
916
4034
8050
4220
6888
8431
7264
16
5743
7039
1433
3767
8420
5870
7273
3967
921
2339
2478
3616
4566
1756
1
1638
5827
7818
5672
1554
4571
4106
1790
5740
165
7380
8029
7626
407
5278
3245
1664
2649
2036
6259
2599
6543
354
4399
5698
6388
1095
7242
1995
4891
7913
6217
7194
3412
1035
1355
6205
5299
3675
2208
4306
3391
6543
5389
8008
2099
11
181
1023
4831
5950
4036
4606
5316
8456
2489
3860
2785
7460
4659
3717
3818
912
6450
534
7458
3703
6718
646
6014
7425
4686
5130
3848
1356
4001
1107
7557
2038
4070
1474
5500
7834
3456
2016
6157
1863
6877
578
5959
5521
3573
2029
804
907
7983
4068
720
4032
1400
8471
588
2827
2921
8238
1806
7452
3194
2227
163
2029
6561
1674
7973
4331
3113
5990
6356
5633
7270
2411
6137
8132
5367
332
3793
5116
6540
3015
2286
3241
494
3305
4511
541
3786
4904
7688
3974
4693
2837
3933
3195
214
944
7944
4784
5461
1045
451
4832
2712
1000
2025
3825
2674
7864
3289
4086
1
8237
7844
3486
7729
2213
8241
2321
4229
1935
5011
4964
1927
2386
7353
6006
8250
7979
3
3741
665
8277
2512
8315
1981
7008
219
2482
6
8155
2013
4351
3000
5730
5836
1338
6548
4593
2598
6547
2011
6123
8260
1458
5254
2479
1094
4288
1693
449
4807
2143
1
4433
3207
7590
3997
2570
1336
5414
841
1410
1401
1391
2671
4111
3054
1
2194
957
2721
407
1
3746
1792
6003
324
3748
1787
1758
1498
3
777
1043
6938
7460
7738
1882
3344
795
1993
2703
2549
6977
3523
5691
4616
4693
5967
5452
4822
474
5967
8003
4972
8191
1232
915
3957
8264
3849
3099
2210
1140
531
8174
6638
749
7077
1021
7218
6187
4206
1
595
3251
8108
7397
3630
6924
5139
1041
2584
2357
4464
1802
4794
1436
3967
5951
1314
6985
5911
3859
3370
2178
725
4107
6572
6889
5668
4252
3133
3671
6617
1892
5082
6550
6071
1
4079
5022
5460
5568
4847
6763
7117
6887
937
5898
7407
3408
4621
3
5724
4230
7182
8001
5950
1290
841
7005
1531
6752
7167
2054
5383
8332
4061
7080
5518
6708
6931
1961
4932
7499
1541
4978
4721
7571
444
2819
7679
3735
1
4687
7055
5860
5635
8350
8110
6846
8208
8193
6408
6728
6430
348
1467
767
2058
5538
1079
875
5404
583
996
1
7862
7582
4506
6902
4206
1094
7242
2085
293
3823
6025
7358
5685
2353
434
7510
1764
2534
5336
6519
7324
2883
2658
5216
6465
5588
6695
288
7335
1572
5250
1062
4926
2800
1913
3241
8364
435
3533
6349
8495
1475
3723
8131
6970
557
5704
3275
6443
1
769
8206
2937
5922
8444
2209
1761
210
1
3843
5947
2570
4854
1427
3865
3892
4230
2456
1391
150
7741
3190
6592
1838
5939
1028
6685
4571
1184
5813
301
971
248
5392
2942
1659
5944
7713
6314
5860
5460
7227
4006
5026
7895
994
1727
188
4924
696
2307
3663
4631
2532
1644
2065
2200
7224
7333
1561
6371
4039
5947
7150
4628
1135
7416
2784
3661
6388
3425
2243
2887
785
4576
7927
4571
6338
5992
7945
8140
1925
201
5054
6465
5431
4915
3045
1554
7333
2851
3759
2719
8274
4791
1884
1930
1495
1358
6112
2226
3251
1187
403
5953
162
6862
1084
7508
4715
2598
4245
290
2625
5573
3932
1490
649
5828
3673
5402
5909
851
4197
912
3079
5966
3074
2336
5388
2029
5028
5743
1872
6873
1951
2324
918
3694
1051
764
8279
4388
2885
933
5169
5934
4044
1527
3923
3629
8044
6417
2229
3090
6186
865
7628
3816
4236
6578
5315
5607
6303
2801
6518
3834
1203
4095
2041
2886
5334
6576
3315
6846
7208
7805
2529
3448
242
976
4024
957
1664
4236
155
653
7460
578
6891
5771
2044
4254
8356
228
7779
6461
1958
1547
3997
8445
8348
2330
6880
3278
8458
1469
3902
1097
2626
6085
1394
5444
1137
2004
5599
7857
1556
3871
1024
3438
1383
2199
3271
1122
6663
2262
1676
1277
638
1863
2291
2028
2051
1509
5741
6052
4517
5504
1280
4888
7270
7038
5086
2209
2778
3473
1407
6319
923
5503
4010
4314
6340
6506
3626
236
3952
7713
6615
2217
8143
2564
7491
2401
7874
697
2211
1372
497
7313
221
1518
8001
4964
3428
2347
2134
1454
7465
6685
5229
4140
7592
149
2108
526
2904
4098
309
1371
2338
531
2412
645
4620
2635
5247
4023
6924
3550
3800
6871
6777
1702
5962
6793
7213
8431
1855
3060
3253
8490
1376
7838
8198
4697
3391
1081
8130
6629
1742
625
1637
622
5156
1
2951
6561
392
3810
6100
8207
7298
5330
8209
5942
6587
427
1539
4923
793
2532
7101
6148
7
2537
3176
3942
2406
5139
7250
6997
4962
5024
1935
1776
2282
3763
2632
7562
4401
5863
2624
4757
3938
1828
2083
7396
3830
1
6714
8281
3521
2500
875
772
7558
5424
3122
3028
4703
1702
1223
2719
6398
515
1858
6491
6541
4693
8229
2566
4033
4687
3349
1498
1
4205
1737
4045
4229
1844
1328
4006
8486
3958
4127
6505
7234
8322
896
609
7998
441
1486
3831
8463
5200
8347
7006
5799
6665
5038
2326
960
775
7256
7781
7027
8006
629
1077
209
1298
5751
2336
3883
7
2706
1691
663
3991
2159
1705
5958
4041
8486
6096
4602
1312
634
4933
922
4557
6344
2793
5562
806
8199
6032
6670
3385
5339
5456
8000
206
1637
4098
3656
8377
7610
154
5876
1306
6925
4986
3054
3018
7576
2329
163
2785
2885
7669
786
3366
2911
5778
4723
2084
8207
1553
1393
7549
4574
6862
5777
4106
6968
7060
4432
5677
1147
7238
5073
1696
3652
3257
1384
190
5769
1551
8110
4102
5133
3798
5808
2239
7174
7049
1772
589
2797
5565
1575
6933
372
704
1
1436
3779
1188
5342
515
2181
2530
3855
3812
4405
5933
2565
6262
275
3132
4914
8162
1184
4587
680
3825
3232
8364
6732
7632
7730
479
8179
4722
3839
1092
1141
4795
5038
7230
2775
7683
1314
4491
2454
2753
6456
481
6565
8240
852
2270
886
5960
5248
1714
7864
4527
2298
3829
3268
4016
3861
4527
2181
7377
7542
3938
7047
27
5151
6363
1666
4797
1085
8410
7548
4637
6391
6383
5393
7981
7289
1613
3257
2447
8250
2742
4817
361
357
4555
2441
2969
1664
1986
3298
2003
5521
5896
1559
3920
5210
33
7539
2965
1719
7871
6596
8007
3513
3019
3268
1626
5534
502
4301
300
2011
2821
6193
5801
509
6702
3489
4039
1292
6041
8334
451
847
4563
8387
3963
7905
4208
16
1875
2949
2806
7215
3452
5166
7798
5528
481
4140
6641
6661
4595
402
4653
1434
2505
466
3204
5193
411
1177
3582
8258
6761
1
6381
1
161
7938
209
6918
2993
3647
3249
4681
6366
5478
779
6878
4967
3835
4668
354
7227
1357
3468
5461
2947
4372
1052
4620
867
5366
7877
8184
2913
6770
1461
2476
8110
4612
3078
6902
1360
3604
4569
4517
7286
1461
813
1666
4149
783
2108
7843
4155
7344
1620
6617
2822
5735
6202
6680
3013
5230
3098
5064
4966
55
3943
5459
1915
2217
5800
1068
3066
4052
3505
6728
3920
3650
3631
4445
5487
5109
5223
5969
7200
809
4252
4194
6416
7653
1
7618
5629
5316
2128
5994
2270
4951
7600
1081
435
5103
5306
5763
752
1752
6570
6592
4913
7528
4712
5430
1927
1515
6478
7642
2059
1516
326
2881
1
676
5497
1809
5734
6732
6693
452
5849
1781
7067
5480
7010
6012
6891
6781
1
1551
5043
1759
4047
8307
5570
4382
8052
1904
7139
1
3125
553
3749
1691
5788
609
2958
2239
6734
188
1233
10
4994
2027
1
8003
3952
1611
7238
854
2153
4705
515
5109
986
1503
7438
2173
6260
8060
6764
1459
6773
1010
6502
2109
8323
7069
33
3210
3
3473
4135
7847
3715
3438
5622
2755
6044
7119
338
1352
2560
3821
1487
8301
7282
945
3494
1127
5145
6476
7909
6241
4861
1772
3499
822
4815
3178
7944
7956
2922
3789
3507
3060
5955
1
5007
789
8048
4083
4830
5233
456
6798
8031
3806
5314
1
763
3174
6791
1758
3723
1968
5698
5569
5535
517
1478
190
2440
5326
2176
4040
238
5189
4421
8054
7530
1846
4836
6075
2613
2999
6958
3198
8267
4362
3977
5582
2906
6050
6266
5612
8128
5682
2212
6913
5013
4720
2336
5571
5378
6652
2805
1958
6569
1585
611
4085
1077
1028
3291
7174
4602
985
3181
6706
5869
7292
2252
4866
5408
3215
3066
6364
6053
6807
3704
6210
6267
5173
5865
2128
5990
1018
5427
8250
3029
1388
6699
1888
3482
7243
7988
4966
6728
6958
3822
4792
2628
7574
6
4417
4296
2069
6726
183
1851
2156
8413
5925
4502
2642
7648
3178
6600
1828
3432
8197
445
2301
3813
786
8116
5416
1092
7379
2578
2245
1205
2892
25
240
4419
1891
6235
7770
4747
6741
5779
4542
3017
3563
7223
2020
7405
524
3824
579
1509
3036
5859
7450
2072
5385
7837
3920
2631
6810
6344
2590
2010
4604
1
2702
3823
2213
217
2210
8085
261
8117
5080
361
5966
2837
1646
4888
8094
2878
8221
2943
4934
5779
3936
5658
2130
1828
3248
7067
8101
3497
5743
7466
2531
5370
8108
2921
2810
5641
947
7391
1223
535
3045
6158
2955
110
3019
2678
6226
7360
1798
5666
7373
2975
3446
991
7208
1135
4491
6041
526
8394
2311
7471
4001
5838
7288
4977
7541
716
2520
4481
2218
8301
605
6360
4474
2721
3357
1850
5731
1803
6453
2117
2518
754
6233
7425
758
896
2232
3968
1010
821
710
6599
3077
8366
5045
4316
6830
5455
1086
7365
4329
6360
6578
6052
6158
3736
6440
1200
4434
1
1509
7091
4703
6936
5492
7753
6249
6593
1535
4410
4025
6994
1697
6834
8412
4775
1988
8165
1994
2255
3449
6369
4260
2254
2122
8239
4923
7585
4448
6114
4936
5431
3877
862
6944
10
6779
6690
7537
8436
7157
7533
4295
1477
7041
3002
6845
197
5600
7636
5703
4694
7516
1784
4816
7360
3
3758
1175
1851
8342
900
2295
6695
2581
4370
2602
2685
8246
3066
6394
5534
1
2570
6625
4258
4249
1548
613
1551
6716
878
3865
1228
2956
7894
7924
7358
6050
1545
6063
5437
7586
1187
4665
5441
3773
973
714
5573
3932
7005
1675
3611
6227
3055
7648
2841
707
3967
1675
8475
8319
4821
912
1514
7005
6116
5480
6608
8339
3063
5112
5291
501
7490
5305
3539
450
2377
2776
5480
4011
7918
6202
7510
7208
4566
4661
4885
8354
4086
5130
7645
2381
3544
7041
2312
8117
1
2937
1057
267
4496
2053
2851
3833
6401
6531
4593
225
179
1054
4381
4098
3716
454
2541
8487
7216
2936
4662
121
6454
600
7626
6655
5332
3986
4935
5097
7034
8187
5119
3721
857
1552
1412
5722
1670
2938
3723
8475
2867
8386
1765
6
788
3247
2976
6795
303
2402
6267
5009
7066
5535
7392
1727
3986
5620
8310
3268
1243
6183
6252
6515
7508
7024
3663
1
3559
4518
1294
3044
7675
2125
1866
2765
5983
2148
3197
5137
1058
334
4913
2338
1
815
7408
8023
1
3626
800
3006
2902
6411
4461
2116
4033
3748
7334
4466
5785
7857
5045
8143
2800
5432
4331
6179
8497
7264
2242
1686
7797
6741
8397
203
5086
823
3884
8163
7426
482
7902
5130
2431
4562
5277
2242
896
8046
348
1048
3495
7260
976
6791
6942
4475
4
4879
817
5848
1737
816
1591
2890
7127
886
6306
534
1
5933
3886
1895
6453
2030
4456
1487
7190
2988
1405
6
975
1664
3302
1555
7338
3149
2261
2745
3267
3
8238
2336
3974
3778
7227
1855
7761
5250
4420
3978
3244
6028
6053
3313
5886
4230
3513
2718
241
8298
7100
2144
4865
7671
1676
3817
794
839
1714
7006
2681
5379
4662
584
3667
4138
386
1825
2512
513
2994
4140
6617
2914
3072
3460
2892
7515
3550
1799
8275
7058
4139
4008
7933
4488
2504
8491
5782
7286
1158
431
4663
8174
2856
3853
4135
7528
2724
3530
5630
5214
2994
6587
6349
1523
6091
225
5924
8023
2392
3150
6025
5762
3491
3
4517
2312
8197
2319
1819
984
4881
5880
201
4624
7944
7122
1895
3393
500
993
561
4296
8157
4726
4221
6152
6247
8093
2349
6077
2698
1178
4502
2336
7542
6554
1714
3370
232
6293
2553
7282
1095
3158
4818
5860
7821
2899
5213
6030
6641
6235
1555
3459
1383
6297
3050
6333
3476
7183
1396
4255
457
7979
4119
1260
3102
2302
3749
6936
2087
414
5312
2725
1208
5953
4184
2074
5100
7259
5716
3268
682
6910
3054
7061
6450
8412
5976
2249
3571
6500
4174
7795
4
8223
8041
787
6123
4326
8174
3508
4196
6397
1509
2367
8050
193
2101
4221
5117
1474
2196
3345
1329
4914
3958
224
1784
5620
10
5324
7629
4307
3873
4923
2311
3228
4105
493
6273
8365
5801
4151
2028
3424
8420
5261
7330
6666
1048
1680
5439
7841
1188
1883
2242
1209
2683
4137
1748
1851
6119
655
6063
5906
1
227
3717
7119
1445
1935
370
4105
3633
2906
5031
5190
4402
2386
5454
1878
5474
3343
5493
303
966
5568
5340
4561
5847
3573
1603
5784
2132
2061
7141
6419
1029
3470
1359
8216
5711
1041
4190
5456
472
2856
3559
5644
2022
6466
2972
7218
3051
6407
3594
3959
4431
7741
7512
2143
4420
1826
6086
7109
2203
2975
406
4429
3606
1850
2148
8201
2642
127
7937
2129
6
1331
1309
4575
2519
1216
954
6022
3940
5654
104
7040
5117
2763
4985
7895
1280
1
885
5573
6891
4861
5703
8193
500
6886
7252
360
3937
7442
7654
8441
6591
2867
5235
2807
995
1244
1993
6215
467
6284
8408
3150
5604
1261
4923
6999
6335
5596
2342
930
6008
672
1
586
3396
4302
397
6073
5094
3979
1844
3230
2434
6958
4590
4758
1861
1198
5175
4248
6558
6933
5626
4549
6115
7682
3234
6248
474
4551
1393
4779
3961
3009
5483
4164
6361
2048
1177
4981
3703
8352
2416
4518
475
1553
3554
4703
596
6175
2339
1931
1422
6743
7574
3985
844
4092
2720
1
8413
561
1716
5659
1180
1591
1741
4400
1814
7155
1287
168
2593
422
4676
5153
5548
3152
2924
6077
8147
1
3872
7563
6300
2370
1796
1
4107
1902
6361
4571
7452
2758
1118
6349
1798
6563
7210
2043
4021
4570
6014
3407
563
2011
5571
1397
202
7937
736
8251
7768
3855
7574
3381
4576
3025
6984
4543
1052
6068
4438
6211
5850
6441
7943
8473
4831
7103
8078
1023
5064
5105
7336
4761
3576
1746
2737
8047
7909
2186
6870
5456
1199
6791
5345
6587
5800
8043
2185
2755
7417
1065
4947
4482
1
5969
1412
4869
2420
5683
2686
4453
1074
6149
3675
7532
2851
4261
4115
7802
6106
3936
3672
2251
7828
4948
55
1864
2565
732
1574
246
1833
6564
8353
3530
4213
4812
7450
8066
5582
6669
1674
7107
2112
3841
2569
821
1739
7168
4091
8097
1117
6959
3983
4419
837
5581
621
1113
6718
5055
4197
8420
8286
3373
7601
872
1320
6791
2628
5376
1683
3544
3513
2083
5157
3749
3565
1724
200
6372
975
4770
5860
2403
5632
7792
7103
3949
7430
2279
8459
4485
5353
1804
8132
4937
7050
6954
202
799
2545
277
4398
2564
7640
6577
2425
5430
6403
7499
1521
5129
3935
6132
2101
3154
2448
5221
1836
2852
8375
379
4784
2653
1749
1930
5743
1
2794
4688
2160
6616
2115
5096
1988
2258
5711
2617
6428
48
1
4951
5994
3171
6403
7707
324
7241
8032
3
4603
7000
791
1014
4254
328
8215
4084
1193
4065
5777
4307
2887
2774
6493
4761
998
1363
969
4385
4799
5216
1761
3078
2684
8328
251
7913
836
227
4805
1385
8097
3925
6624
5497
3708
958
7706
7082
3176
2275
4566
2445
7305
345
5640
5392
3850
5415
3909
7506
5196
2672
4415
5913
1046
734
2402
1321
5748
2456
2550
7972
894
5304
632
2358
3421
2752
3
5969
8310
1530
1179
1759
2955
64
4615
8080
2226
2619
1
2797
5469
7707
2974
7004
7464
3503
7663
8136
1238
6069
3
667
8416
741
3126
4985
4713
6671
6868
5287
5186
1
3891
1707
3485
2443
2618
2862
3089
7499
2250
1
3225
6998
3911
7053
355
6433
7427
896
1
4800
7685
5856
1238
4621
4041
6066
6587
1896
5779
6469
3238
5165
197
1206
1994
4994
746
3152
1293
1183
5851
5409
1439
7658
5592
3719
1372
1978
6335
3442
1510
4272
3779
2899
6845
1531
1008
5343
4799
5749
8462
4994
710
502
7036
3846
4508
4229
7000
3521
6265
2485
6382
4701
8244
1638
4833
3859
2629
1205
2024
4363
6412
2867
4489
6
598
1554
3698
1753
7060
924
3073
3469
5300
8222
4413
3005
4479
7820
7751
3
3825
6645
2662
927
1
5320
1154
1486
1879
7621
2081
5685
5094
865
4224
4356
5154
7770
6619
8416
7020
7996
1633
2650
332
784
3633
2743
5188
6840
5756
1475
4197
3182
5366
5705
2395
7628
8490
7498
3317
6215
3210
1
2445
6320
7715
7743
3773
663
3203
8328
6
4808
3133
434
5317
1366
5537
1839
7
2732
2338
5395
5867
4942
3176
6480
3
1705
2312
4171
1707
837
8334
2386
4643
1
5304
324
288
947
5335
6702
2105
6941
2442
912
6848
3843
4501
2902
1100
3645
2384
1979
2415
3388
1
5196
1
2253
3306
1212
2004
4942
1945
1023
4010
2947
7223
4095
4567
3401
4870
3494
7389
6395
7203
4746
2797
2094
7053
5097
1315
6053
2634
7619
7988
7335
2097
3219
2344
1638
5224
3035
5669
4833
3208
2298
5665
181
1330
5427
7119
7344
6047
5677
1
3
5751
6
8315
3806
1733
880
3029
193
7454
3286
8296
6012
3664
1370
440
4926
4854
5242
4624
5011
3981
213
1740
6448
2316
1634
8126
4933
6374
2878
3511
5109
5573
673
5595
4463
1
209
6813
5005
563
85
4179
2251
2757
1352
3
4216
7265
488
4908
6644
3477
607
1727
2809
4347
3959
4752
4441
1
645
8452
822
6918
7415
3425
7211
2363
6295
4456
435
1879
3618
2841
6408
2264
1341
64
3834
3521
6925
812
2812
1
5993
2179
965
151
2389
1294
8135
1421
1340
1815
3557
4222
3593
4974
5514
2867
7334
1747
5771
2245
773
4967
6260
3746
6547
1999
2632
5562
5022
6352
5856
6770
279
6350
6815
5036
6859
2894
5216
5637
6328
8296
6583
7219
6891
5409
2115
2172
4464
8422
1877
4645
2959
7107
2425
471
1764
4210
7346
3013
2050
4123
7671
4460
2170
7998
4296
8015
4972
7190
6683
1932
760
8122
8296
342
645
2348
8228
3203
2070
2901
2174
5077
3755
2919
1592
2938
5020
3753
6676
648
2970
1794
5494
3916
2105
4225
545
7035
7485
933
5903
3315
6385
4408
7750
3618
4274
4556
3366
7882
210
1307
5504
5143
8240
6062
5334
444
3424
7539
5631
1323
357
7002
1009
1770
4654
2677
2400
5566
7527
4958
7465
688
1298
357
5762
7276
5388
5665
1650
4860
555
623
2959
4185
367
415
5145
5404
3554
3011
4967
3599
7770
5743
7932
4253
7041
7604
6028
7105
1773
6038
974
5076
7753
1727
2827
2209
3686
6379
3160
5040
6238
21
7393
2898
5982
4141
482
1986
4298
1456
2298
1898
895
2129
7010
6977
6126
6104
6197
6084
2009
1165
5161
1
5203
2002
2986
8078
1555
4540
4295
3466
3249
1
8278
150
1309
2544
1465
2739
5252
2147
4589
3482
2197
4388
7025
4686
1392
3267
764
1116
974
4
2211
1311
4170
4420
32
1415
1246
8292
4247
7683
2664
1123
7259
4578
2894
857
5119
736
3713
7801
3442
2636
827
4774
5184
275
3322
243
4909
8023
4919
1315
3648
2811
1988
6975
6146
2936
2953
4061
2202
4628
6299
5370
2217
4028
3800
2748
4113
3232
3215
5986
7602
2520
1555
965
3752
1844
5310
5767
6324
5898
2936
2618
734
972
527
6522
5704
5245
2147
403
5224
4861
607
1626
499
3554
3769
5823
6041
2328
7806
3024
7959
1345
4040
4986
1492
3
6785
7149
1002
4417
4888
2544
5328
1753
4510
6115
2768
1555
5960
1666
7468
1478
4222
2859
5736
5456
6651
1
2007
1018
4000
717
6618
1063
7009
2999
3171
3439
482
5119
427
7563
2834
4906
6292
5446
207
691
1487
1527
1405
1189
7206
1437
1169
8252
3181
4525
3018
2085
6712
1306
6252
992
5207
3204
4019
5325
5114
8129
5695
5086
1552
2656
6716
1125
777
7444
7710
1458
2105
3390
5727
5744
5005
7260
2908
4758
17
8148
7936
5471
6191
5815
5205
5799
7481
7689
1634
432
2737
7804
841
7893
2020
3395
6390
1520
5905
5162
6823
823
4448
8108
1466
3190
6076
2257
5267
6084
5565
7136
1
3798
6952
3954
2824
3581
1
2793
8108
760
1425
7395
3515
1756
1379
2169
2513
7059
3282
8043
2439
3359
1531
372
4909
3426
4420
3461
153
5369
3974
2472
1487
4895
6893
6398
3975
5049
3723
3483
1168
7516
1986
7197
3
2692
8071
49
1158
38
880
3922
2822
7956
667
1722
7509
6458
2630
1526
1604
3661
5829
3798
2546
1793
2868
5594
2974
5221
344
8220
6088
7412
1969
6992
2192
2854
1412
3618
1681
7892
6123
6008
4888
5077
7095
1
2232
6231
1329
7840
5869
182
2272
7039
934
2438
3130
4555
6531
1846
489
6428
715
4258
6326
793
6778
8296
6727
2111
977
2447
8439
1960
2982
3921
1311
33
7461
6382
4194
4850
801
3488
3231
169
1
5738
7900
3695
8098
5928
232
5691
2168
1168
1
5318
5679
7007
4591
6642
7299
2254
4128
3559
1676
3952
2638
3295
8246
1710
6291
6597
4923
1212
4197
6752
6059
3659
4959
2143
2339
4777
456
3120
5462
2105
1397
336
1365
2507
1049
3414
8158
3048
7956
3144
8259
4072
488
3797
496
1484
7713
8333
5056
5990
3274
3350
2859
1746
8108
4165
7481
1924
5915
5433
4221
3839
5860
4808
1307
3
8217
4784
4738
7803
4296
5239
4980
2679
6684
888
1401
6852
6567
175
4336
4231
1578
8211
1168
1205
310
3995
1887
8456
6030
4541
6026
5820
1246
4201
7720
2125
6649
4898
5071
737
5263
1623
1757
1492
2271
3822
4883
474
190
4492
6040
5275
6720
3697
725
8280
8362
1693
4460
4426
7943
7106
1207
1
1603
499
336
4892
564
1914
6445
7465
5478
197
1894
7373
2420
4979
1984
8271
4361
5341
6075
5045
7271
3679
4576
5939
393
6792
1467
298
3308
6998
8255
8193
2284
7080
6338
5236
5149
6017
691
4080
6879
1
3623
1404
7528
2620
513
2785
6241
911
8467
354
3854
596
8307
854
2592
782
1608
2848
3880
3685
852
6171
161
434
5165
6933
4550
1800
5107
3443
6550
2706
7516
502
1833
609
2932
921
3012
3938
2560
7
8298
5992
2935
7185
7559
4602
8378
1248
5532
6811
1695
6795
6996
5096
2408
326
5846
5582
7275
5905
4242
6378
5580
1332
6509
1981
4653
6366
5995
3358
1771
7734
1779
7005
1029
8079
1009
4475
2859
5123
439
4946
1209
1859
719
1151
8393
3138
4221
8076
5677
5708
5624
4272
3938
682
4020
1226
1732
3558
3897
2764
2281
1652
898
2491
2181
8439
2897
8069
2513
809
8209
7127
7074
2600
4515
5299
1062
7929
687
3362
3468
3419
7792
608
1678
6014
1545
1171
6352
5113
2643
4080
1778
6066
5273
1123
301
7217
4560
5892
4445
3039
5582
1589
4457
1360
7233
6602
6968
7259
6618
5068
5504
7333
6437
11
8139
8465
4861
2768
2205
4701
4839
2334
4810
499
221
2702
852
7780
3149
1571
5239
6773
5897
7465
6149
2749
999
2274
4429
2067
1521
1968
6095
8243
1550
3967
3885
925
4947
516
663
1968
3278
7983
1206
4603
3322
1259
8061
5463
2646
4767
3929
1100
7582
7207
1741
2096
3231
237
1764
3552
1359
1907
1980
1381
1210
7901
1542
1724
3699
2933
2724
6754
6457
3990
2333
8348
510
1079
5212
2807
2539
5451
2696
7851
536
7850
1037
1367
3499
7412
566
4
6558
3853
888
8197
6071
5386
320
4249
3822
3791
8174
6681
1
1207
7706
6998
6542
6
6146
3136
1175
2153
2894
2361
7413
3016
6513
8356
4815
947
1064
5428
1445
8184
7681
2385
8257
240
3954
6674
3085
1330
5061
2041
2190
7318
5707
4655
4756
6264
5604
751
3631
3853
6449
4277
6787
6961
4025
5159
4006
4952
2839
4532
8353
7410
4350
8374
295
1
2226
6659
4070
8017
5148
1501
5269
6938
7709
6065
3749
3943
6375
6097
2793
4666
3274
8279
2538
1371
8445
5632
1474
6508
241
8230
337
7200
2570
5873
3027
3806
2997
2575
224
3037
5728
4747
6021
7235
4748
3340
8130
5210
988
1956
5442
1932
5934
2115
5418
476
5767
6821
6109
2612
1445
1558
7105
4715
8037
1549
4456
784
6790
8445
1461
332
7922
784
2052
413
879
2578
8021
7117
434
7379
7928
6712
4836
7220
7250
2201
5380
7510
6100
2793
1097
1888
4655
6631
4386
2668
8401
7752
1238
6705
5151
2428
3296
5252
5025
5661
1419
3226
4305
8229
4152
5695
7083
1782
896
8008
2439
4304
2590
1201
7519
5445
3393
3388
3006
1529
4203
2977
3639
1045
6214
1260
3831
3450
5123
5303
6602
323
2856
5038
7419
6024
5685
4800
667
455
1536
6
4171
6398
3
4113
2105
3076
3322
6949
4426
371
2568
6345
3518
6870
4016
1091
5371
2418
1252
754
4420
6091
7829
1048
3664
7790
3647
2113
2175
7157
7640
2600
2893
2794
8204
5021
4626
3
6975
3152
7429
1549
8484
4305
5826
1
4348
2662
2107
2211
2262
4634
8028
1692
6623
3111
4880
4625
5799
1637
7132
3480
6989
7882
355
7993
6505
6979
2431
2003
2212
5208
5027
4105
5740
4951
3130
7768
1178
2634
2249
7075
3961
1114
434
259
1370
815
3841
5694
3139
4186
1801
1014
6531
7275
5919
6913
4928
300
1133
4244
1800
5980
7477
4552
1028
3846
723
1
922
3249
360
4121
3
6240
6181
1545
7882
2513
2121
3920
8012
5123
5699
4476
4609
689
1680
781
2164
5376
1212
3477
300
8375
6217
3602
4484
3694
7995
7629
1856
8108
2232
3704
5086
6712
8051
578
4486
4334
7490
4694
6641
613
4923
2194
1
4147
1910
8338
6690
6331
6949
5452
7819
485
7620
6424
4805
2351
2981
5472
5547
302
3143
7947
723
7035
5695
3596
602
914
2590
49
6201
6846
1293
2179
2144
4811
5894
178
7288
6987
5836
4751
5303
5772
4606
151
2147
1049
1609
4815
8333
365
6203
6292
6482
8047
2413
6793
2265
2159
3342
17
3
6419
2294
7841
8473
8238
451
7506
5756
278
5025
3933
888
2921
7391
5980
3811
3908
8375
2073
932
3040
2763
723
7042
3208
3558
6424
795
453
1609
34
6655
3192
4855
7585
6635
7802
3336
3397
485
2283
4616
2226
7296
6560
7292
4337
1957
6925
2823
1
859
6630
2499
1868
1552
1372
8431
4512
4909
6738
2959
8174
2442
5189
4110
7575
6062
3266
8046
4804
4015
3347
4547
3257
1807
3987
4126
5719
8494
2548
7740
653
3357
7500
3977
3596
7348
6541
2658
3105
225
3445
5994
976
3508
629
2774
4925
3
5600
1082
5007
2913
1950
1
5139
8454
4692
4856
1652
2528
2594
1743
6457
14
5654
3438
5709
2911
7454
8418
1461
211
7048
5395
5454
3631
2802
5804
7949
2409
6554
6901
1515
1020
6823
4480
3370
8275
5475
7942
5370
2173
2881
1384
4652
8319
2206
4158
6058
709
4405
4107
4493
8392
6433
1
2596
705
7308
611
2107
7233
3637
3464
5382
7356
6038
7396
1536
4898
6477
8272
4412
6698
1611
3977
3692
5164
2013
5863
7659
5279
3963
5125
7193
3179
7916
470
3957
5837
5061
2729
4309
1996
8367
5469
374
7830
6480
2448
1606
5496
36
1308
7179
6194
259
4246
8291
7936
7777
6235
3619
6144
2275
5666
7599
2852
1894
6424
4981
1818
495
3032
6243
466
4643
7345
2186
2013
5064
6930
6026
4685
3921
8355
6374
4215
2064
6863
921
449
972
350
5221
2487
622
5465
5565
1328
4023
640
4466
4116
4874
6644
3703
5870
4115
6
4959
5703
3316
6360
5498
1251
5642
8129
2932
4993
5068
7379
5604
1242
5819
1174
2423
7905
6178
8048
1143
4177
2069
5492
6664
4351
4098
8459
28
3568
4307
5446
3355
5607
7137
6705
3530
4853
972
2564
4802
7784
1
2314
313
7278
1673
6954
7019
8367
6
1907
4672
6374
2651
1646
5922
672
3578
6421
1810
1673
6833
7374
5492
308
5970
614
165
6178
8203
2516
1937
2453
596
3537
4667
7153
2021
3585
7791
8263
6661
4453
6578
1436
2948
523
4468
7040
3854
4
4922
6264
8310
2275
4026
6413
1
3980
5791
4102
7600
7039
1539
2872
2104
6450
1921
1
7773
781
3759
6073
7995
5909
662
3388
3448
3607
5162
3515
6038
4261
5355
7922
2011
6
1402
4871
2566
1895
5620
2654
4044
3753
7840
7005
4221
3957
835
5892
4586
4552
4649
7304
7540
652
5928
5123
2546
815
5610
1225
6746
1891
1564
3344
7576
1
1589
7018
595
428
6197
5762
6528
6323
3035
7387
7235
5304
7420
3829
4789
6122
5666
2259
21
5262
1352
6182
4604
5094
2675
4558
2943
1
349
1164
778
4259
6366
7183
4797
3892
6777
3212
5611
8135
1111
5357
2429
5471
8041
1114
3148
1247
6120
5050
361
1519
2385
1732
6042
634
3963
5434
5312
6286
8178
1844
3004
6150
6049
3032
3649
1
2107
6624
3576
3944
637
677
49
1
1567
7806
4355
3169
7832
3238
4488
518
55
7067
2902
8456
7746
3594
3185
4056
3243
7322
4225
1509
4247
6876
7930
1291
1196
6122
6962
1995
7614
2564
5717
4233
1
8068
6
815
7588
3970
8165
5461
8259
8237
2977
7456
2676
1398
3273
5252
1638
7779
4454
1
2352
6159
3909
7052
7874
6482
6674
3909
7623
2086
930
4009
2169
3129
2438
7270
858
7772
2460
1391
5407
7871
1014
8093
3059
4239
4631
3842
754
2270
3832
4913
3276
20
3251
4195
3423
4650
972
952
5771
741
4140
3491
606
6492
7952
4869
8416
4987
459
5833
8037
2938
7107
1670
3818
6999
4864
6149
4667
3932
7258
4969
3
1025
3344
7075
6673
11
3818
2368
7110
3385
6336
2626
685
1865
3160
700
6089
7493
645
2494
5560
7934
8412
2751
6895
2609
4261
2221
2689
4426
6780
7937
7458
3038
2281
4595
7783
1330
6591
2160
475
3118
5321
4920
3955
5430
8357
5855
2153
683
298
3110
5115
5408
3817
4231
5216
4114
7
6882
6100
1380
4852
5332
1827
3631
5712
7397
3355
6293
1877
5784
7224
7906
791
3612
5845
5493
5228
5769
2253
6535
8313
426
5353
5242
2453
5877
5529
967
600
4311
3872
8298
292
1062
2837
3406
2524
4966
5457
1832
4861
8093
4263
3541
4219
5781
5237
3302
6143
6616
2919
5617
1008
6664
6274
163
7062
2950
3835
5562
3850
3846
3006
3204
8367
6024
6563
6740
2820
6314
6968
356
4760
6523
573
2563
3829
6485
271
2025
1223
6425
5615
8408
6576
5262
2585
3466
1276
2373
1547
5431
7247
6168
1232
1710
6638
1338
3607
6570
5949
7298
4114
5029
6134
8370
5846
1811
4167
6448
7371
183
3986
3552
5776
4780
732
6821
7486
7557
3208
3295
7243
2851
7834
7773
7191
5374
7313
6474
3212
5465
6932
4555
6574
7981
4300
6281
8016
3507
494
5353
5346
2218
7506
6958
7669
940
5545
2118
7
1906
4511
2821
4140
998
1366
6845
6856
6131
4479
2482
3250
5361
7777
8403
8035
8120
3178
526
3648
8187
7192
619
2369
7769
1523
6269
3609
2097
3154
1290
6448
4397
1436
7634
2030
389
2423
3849
3192
4
3402
1702
1217
8074
501
4020
4525
1621
5301
309
1871
1
2475
2523
805
677
2546
3684
5737
3396
563
2640
864
1202
6336
4318
5282
869
4415
3277
1002
5939
1385
2703
5114
481
7282
4111
1768
8061
6635
6009
1522
5299
6935
7102
6924
1849
4058
3608
4875
6111
5453
5730
5883
1112
4752
2088
195
8426
7127
3515
6799
2763
5963
1130
6565
4461
3866
4620
3708
3580
7774
3226
289
5384
2729
461
2244
7892
7877
1657
2216
6610
3266
3854
1996
7251
4937
5965
7729
5534
7712
910
4145
7196
6949
6186
2275
3170
884
1231
4738
2404
914
4433
5055
6455
3133
4071
5372
4612
1940
1803
1015
4245
4804
3416
3450
1136
6871
3515
6416
1
6002
788
5139
4102
6077
8362
3107
1849
2531
4658
3772
5743
7191
7417
1661
2783
6761
6303
7614
6051
7741
6318
1
6845
1815
1891
227
640
2337
8036
3976
8259
7217
5561
6225
7135
3857
5267
5763
6834
812
3241
4999
3763
5444
7378
2493
7168
4633
1
8140
2245
398
7006
3
2532
8157
7456
4553
665
1229
3687
7405
2458
6025
1712
6853
3913
6709
7189
8191
1892
6
5815
4126
8042
563
3879
5610
8019
6154
2869
3862
7039
7223
5959
6740
1655
523
3171
453
8072
1030
183
2639
2463
8442
8333
3457
4197
1903
1392
4212
2872
998
6558
2793
3030
6636
712
449
815
5735
5080
7657
7643
2704
7918
7709
5428
5001
7519
2336
2637
8143
2056
1864
3015
3552
7506
2343
7311
7761
7479
3832
1366
5763
207
3413
3238
5808
6127
2775
5597
3274
8122
431
221
3137
3618
3753
4393
4697
7044
425
5258
6922
8395
3700
7077
4306
4904
6884
1762
4114
1323
4190
6143
7280
3231
7079
7941
795
2568
6644
5140
7174
1698
5188
666
2213
1305
6116
7994
3261
7300
5491
1857
736
2497
4543
4150
8483
6687
2152
5052
6618
1
4318
1622
1663
1
8431
158
850
7524
1
4989
3626
6038
817
6727
955
7067
8285
7362
7824
7924
3626
5055
6825
7770
2724
2498
2636
4114
1401
4220
4943
7999
1
3
6008
5738
6590
4421
3870
6634
527
5236
1475
4967
331
2245
1000
1989
4312
5833
6585
2798
1794
6443
8468
723
4975
7
1757
4904
5640
2627
2007
2356
2496
5383
4692
2775
7990
7454
2555
2653
4786
237
4141
8467
3740
4055
1011
4269
6741
2720
1904
2203
4613
2821
4765
5310
7922
6139
435
3870
4923
6421
750
6454
3271
808
3364
5826
1394
1473
7220
1471
3226
5883
3334
3660
8447
6016
5126
1682
7360
678
648
3390
635
367
7848
4981
1200
7557
6568
7621
2686
3855
8332
3400
1
1838
613
8006
7193
5430
1061
3685
6469
8488
5825
1715
1695
8281
6528
2398
412
3299
8431
4811
4045
2278
6614
8175
7426
1886
5367
1139
8046
6383
661
7155
8119
5709
565
6576
6490
367
252
1203
8013
5092
2178
5078
931
4
4292
4604
793
3082
7862
3468
2942
5024
309
5311
821
159
5677
1
4772
2953
1330
4816
5743
6355
1377
5212
6051
3615
1076
4943
1528
4877
5846
1618
6781
1649
5822
2479
5382
6980
7172
5451
4933
2234
720
5677
2907
765
8224
7328
4460
5509
3725
2096
710
4149
6944
7586
5962
1289
3286
1530
7932
8165
3606
1485
1031
328
1
5373
7438
5896
5631
702
3240
7507
5824
1670
7250
6493
2010
3959
1420
2135
7632
4738
1189
3764
7259
1968
6593
472
4242
3732
5986
601
2904
6177
4715
7196
5998
1780
506
7574
1547
6314
2768
7560
4602
304
5343
7514
6697
257
5281
5001
6871
2907
5484
5498
5399
7684
4928
319
7962
730
1073
6795
3226
3568
2892
1925
3553
1541
3174
5332
5806
4253
6870
5080
8428
4830
301
6655
3582
7181
4836
5782
1649
7497
6771
92
2003
5580
3875
7877
5402
5206
3834
200
3846
1809
1755
8375
6107
4210
2183
634
8445
5064
1696
7888
4713
5815
7757
6170
4325
3850
5795
305
4284
8315
972
3504
6892
5899
600
6022
8114
2483
6
552
6540
1180
7375
4565
8127
1642
4334
4249
6648
8157
7497
64
3690
499
3437
2122
5553
3015
6768
1614
377
3612
343
4536
5801
1597
5019
1035
3107
3406
7360
3623
5632
5945
8239
1751
8342
6166
7365
1004
3221
240
1129
2482
1365
7
4589
8106
1018
6857
930
7358
6607
6977
6260
4475
6583
4093
2310
3
8396
6094
5492
7157
4202
1168
2593
1815
5340
2163
4548
1
245
5928
1369
7342
8044
4650
4469
2225
6
7014
8453
7455
7853
725
1623
3147
1836
3496
984
1277
665
2050
1
6616
1291
6203
4928
3796
5644
487
5072
3825
1142
5700
8386
3396
4005
3257
5355
4428
3648
7844
328
8229
4142
676
1
5724
3839
1
7084
1564
7911
3277
1540
287
2327
4160
1637
3062
1855
2561
5067
4992
242
3096
5633
5237
4620
2704
1303
7956
2173
7164
3388
1846
5979
5970
7570
2392
5114
6334
5855
5185
3365
3491
2262
4634
4
7329
1840
8364
1
5459
3502
8063
3590
1533
7050
3767
975
1809
4294
6006
5410
8072
7662
7551
3365
1951
3417
3439
565
4395
1589
2861
2520
7198
3942
5410
870
5432
4762
3911
3975
2351
4509
1461
448
