1000
-236094267 -297019217 176 38
-404626694 -867888121 43 20
-816208203 -326052156 192 105
-181032543 -499301056 56 6
-512178634 -506563816 185 89
-544440425 -416420587 111 13
-440190479 -388049032 18 84
-678398258 -817711130 110 35
-118624747 -623490718 169 3
-408000596 -746742240 149 33
-663010561 -855792113 127 105
-244125484 -906083733 113 178
-211150547 -688804418 10 22
-49771978 -512295663 29 3
-671043995 -555570622 195 165
-120195239 -843792207 3 89
-323209184 -907068210 154 146
-415456026 -749681627 50 186
40003388 -827957505 134 23
-663437960 8232368 49 56
-316129054 -945724631 194 167
-292617821 15940460 75 59
-217745228 71565286 76 68
-913428670 -620698383 179 78
-48187334 -174411044 104 62
-643365884 62370377 179 44
-631341170 -178813234 30 124
-174053576 -667278316 175 3
17599302 -990836506 79 183
-213088552 -366360330 111 72
-575444062 48200000 126 172
-533957676 -315220919 150 100
-587056906 -201620807 92 65
-668333664 -204961280 180 40
-19000999 -553908743 36 43
-663278336 -925645864 3 20
-527643762 -669793346 25 87
-863228398 -725429307 161 197
-871855310 -89132438 174 200
-213591652 -612067429 193 24
-93806042 -279606577 189 136
-635402858 29069819 103 193
-680465601 -73443270 65 193
-862100230 -418759552 180 169
-196998612 -94529603 40 116
-172446006 59066154 7 166
-148587354 -103697728 83 99
-779459485 -700747510 124 132
-159766306 -569646902 32 116
-318356736 -756586962 186 99
-859417309 -982696821 11 62
-774394735 -591573297 192 154
-740084526 -851306451 121 137
-597781571 -61277256 32 181
-716671357 -192996132 61 32
-640600268 -557196295 71 18
-578814095 -90013293 71 121
-327763910 -876337203 171 81
11452457 -122591959 97 96
-737683344 -521409336 70 53
-28914059 -766240869 92 39
-668407067 4515652 123 101
-774803318 -48996710 187 66
-217299876 -4205300 135 103
-555711119 -71499433 30 170
-97667362 -940987063 42 46
-971409742 -875092083 107 184
-483236733 -273323603 94 58
-781836473 -481863728 104 155
-488409732 57724126 39 193
-985607233 -66248428 124 188
72285540 -993177051 141 20
-987531343 -870433920 150 66
-167306296 -770788777 22 69
-652948380 -412504972 158 17
-344284173 39463427 31 78
39281851 -370165289 148 16
-797386754 -450564900 124 124
-315299227 -402409306 86 66
-322075880 -222236056 30 142
-302964667 44729017 126 188
-168001774 -603289623 149 184
-690893281 -569040937 3 175
-316411603 -952609909 167 12
-716013180 -666866179 46 135
-956970457 -406342449 96 178
-462565377 -38415126 145 61
-69544573 -7688650 138 30
34571904 -630927123 139 74
-30710761 -153762766 16 75
-174132728 -459022094 39 13
-191767077 -640615095 54 46
-709939819 -531815477 103 101
-159037712 -387911798 66 45
-624189104 -134401861 163 58
-387283985 -902199500 97 192
-311976204 -361695416 71 80
-120690317 -897092956 132 184
-51656831 -905792959 75 181
-767040791 -87924864 138 71
-840686046 -330778100 100 125
-781009771 -652708575 34 40
-850645926 -942292427 4 178
-879764248 -755189691 72 64
-687867019 -569258444 166 33
-297731839 -833207308 72 83
-45570258 -281286275 37 11
-756445056 -942898254 170 3
-7774820 -695734579 6 200
69844114 -197829913 30 30
-32497566 -866424142 99 106
-746676680 -215652981 168 39
-654279914 -324311716 105 80
-50399270 10173972 173 111
-932977935 -8642654 4 9
-147177971 -204540764 174 172
-615044169 -511865001 138 155
-315249760 -115367058 13 146
-329859607 -892786994 118 140
9086188 -719205271 94 113
-122652119 -775867477 142 152
-777783716 -557028296 136 39
-384961043 -401743637 112 139
-333596102 -20386217 85 174
-115114649 -272848842 80 73
-717098565 -505516406 118 112
-864024909 -428196253 109 147
-626614963 -327060606 11 113
-562560446 -990492852 77 140
-555032545 -578646319 42 21
-617204603 -799154989 62 107
43481842 -304443888 53 59
-806910755 -67553996 143 179
-417682914 -610719411 49 58
683459 -655690611 167 82
-370756889 -302785862 93 114
-841123277 -233900629 60 126
-709907455 -529282157 176 149
65731677 -772368874 55 93
-406172320 54657616 14 159
-306648690 -788115106 38 198
-408267964 -23642613 92 115
-845772965 -373934170 138 180
-293748604 -951473357 170 191
-578202096 -252802191 91 130
-588411878 -226960015 137 170
-379755433 -259812691 160 60
-587528721 -161465638 158 60
-271517652 30926589 116 4
-302154008 -968866729 14 198
-656230144 -426258102 94 108
-658505679 -680499376 67 147
-280836309 -40403829 96 3
-910123577 -41401185 14 78
-354685801 -774861869 90 146
-276025269 -340518733 141 6
-91893078 -511582308 104 9
-616627707 -920866557 103 126
-623908493 -613706157 97 181
18889526 -428270923 165 161
-403608552 -265382877 162 76
-681338461 45774478 12 38
-120115585 -171336187 3 187
-251576482 -321020387 113 175
-246439877 -80292856 40 87
-759520042 -254638558 4 183
-648269640 -903047460 11 26
-533530079 -577598908 121 76
-409173846 -185162587 9 152
-550337656 -767128077 99 58
-857928526 -294061827 74 2
-285360813 -526704998 130 106
-289063599 -901071798 85 57
-237284650 -232094967 94 163
-542636014 -487207359 99 126
-961858373 -15997920 21 87
23825907 72562618 123 89
-794273135 58981056 42 200
-509746413 -670363722 166 145
-347735147 46984942 150 19
-56661087 -231661650 116 107
-936555840 -989146040 75 61
-168691196 -66890979 64 149
-715390448 -564793427 167 101
-207218106 -624443825 103 60
-379533030 -320196057 39 145
-353814842 -791984021 31 131
-742636848 -596470500 13 165
-877329890 -159562562 5 15
-816066930 -595868747 163 32
-644197808 -911145142 152 128
-180828053 -671138419 136 80
-541861576 -252166002 189 34
-317205314 -602939747 162 129
-844175827 -249221993 186 124
-94043410 -72648601 173 17
-335733511 -220012218 56 64
-483241091 -559585183 140 72
-182399493 -696694813 58 124
-816452265 -910731356 126 173
35380121 -207090206 3 167
-576123306 -844230700 162 123
-671229716 61053172 48 183
-849116391 -340324014 102 61
-997241434 -751482287 170 106
-107171321 -590457185 101 6
-668710074 -84337340 63 170
-991525474 -900828909 151 62
-360300673 -71668489 89 126
-217136640 -442799425 166 57
-117067803 -51188353 135 190
-822406721 -319514209 62 74
-878490920 -882334678 91 175
-626698777 -883044348 29 15
-278627915 -706024697 4 135
-415365813 -508357057 124 53
-205889477 -969782346 13 170
-748280043 -422585967 157 7
-116001477 -203571854 78 69
-846252920 -320619438 45 155
-24043389 -812707237 33 10
-663163369 -102960288 156 85
-54457845 69902344 177 5
-271618133 16047307 147 199
-73431456 -332107956 102 5
-890695632 -345883715 69 112
-241316783 -649035961 148 175
-610084768 -31177298 138 171
-640720936 -874715216 165 110
-949838636 -890147639 40 91
-818356661 -659364255 108 71
-131135673 -96201832 194 181
-616753213 -620485597 20 180
66329388 -594864649 166 103
-986865205 -262783813 72 142
-941948557 -797584586 66 151
-789164212 -593111500 101 23
-171071593 -329013872 32 29
-85214793 -727690386 29 120
-233832981 -118525237 10 36
-558184588 -872190490 93 128
-16654043 -358596048 143 182
-680240245 -971357497 162 45
-721814741 -390626387 127 135
-960685423 -966942927 175 95
-465197283 -820349880 19 156
-786829100 -550594615 42 187
-549051230 -110703673 81 5
-44055095 -55101567 193 165
-894491018 -988045412 127 49
-985560908 -370617945 119 152
-236746701 -655841514 30 64
-990215527 -308886733 188 98
-42616993 -551662395 25 93
-668853917 -38260915 28 75
-909861962 20527405 38 29
-778801069 -423427299 102 70
-71955783 -762199377 52 50
-595291734 -450081577 176 42
-241462666 -131535181 30 37
-190345831 -821710331 97 10
-836065383 -74026982 143 98
58931816 -877063914 79 11
-73497933 -686338334 32 189
-790658587 -135685593 83 77
-453855031 -390257382 30 141
-733157361 -210670832 67 93
54811424 -625468152 39 24
-707119357 -142804302 198 106
-45143481 -288744295 119 63
-337740762 -221487233 77 198
-150460316 -87078392 197 177
65520275 -905003703 56 95
-815720766 -999107118 52 29
-993413433 -94214578 158 173
-366794085 -906644007 24 60
-137683062 -68093052 90 182
65930530 -434127402 109 197
-957196256 -491907039 123 40
-296469805 -581844733 134 5
-25774160 -617196434 27 125
-233048577 28027145 61 173
-548662797 30157773 131 125
-174423918 -60772825 174 133
-254755551 -243985913 116 103
-449625818 -366895965 26 17
-543307496 -918961190 113 122
-67700915 -659729547 33 130
-680373298 -981229886 132 187
-362888423 -746657743 87 192
-431872264 -342324218 174 151
-114474000 -845636555 155 133
-698086661 -449066235 163 163
-429204850 -697004268 172 29
-840828141 -898980158 141 72
-628925861 -401483199 21 172
-522017087 -147234130 105 68
-209308178 -64749057 58 64
-449123207 -338400587 95 143
-998214944 -161650808 156 176
-182765173 -728100213 6 34
-956305195 -773773189 146 60
-287540398 -128192457 103 14
-592621624 -540076149 129 174
-538014309 -356737569 185 115
-552861290 -990791067 93 72
-387526056 11169493 54 23
-615099698 -997295903 48 160
-928096635 -452828190 171 57
-125929802 -967906963 11 65
-590485415 -884348207 70 14
-448240992 -447486283 28 51
-992058704 -561007297 116 19
-863173521 -161391978 119 197
-149556808 -362335583 104 179
-309125021 -752162235 176 49
-202038054 -603391594 83 162
-695147988 -658149446 103 128
-418012693 -644895634 152 178
-548934354 -416256926 141 46
-484856429 -849992455 88 134
-507250671 -804724475 31 168
-961135364 -478907500 62 173
-818298996 38975221 200 93
-119145282 -681542287 123 121
-553427854 -513038729 196 138
-902629110 -811055578 77 135
-172046083 -720124298 35 18
-383331562 -439078791 108 8
42803545 10498405 99 149
-136794168 -664845719 174 105
-261198988 -280663180 1 55
-258389083 -992167809 12 103
-373198333 -477530633 146 84
-406495237 -399510442 124 191
-874414377 -674415597 69 194
-659667636 49025640 32 188
-924614558 -570538838 147 135
-877953282 -539806949 159 90
-713824636 -329099897 82 59
54991937 -630078709 171 130
-522796390 -981044275 54 8
-24307137 -471740775 195 13
-184355128 -917672548 58 25
-25709686 -475878221 10 157
-52264826 -585377531 78 192
-595670847 -224785179 80 58
-827446680 -114740176 73 148
-532328828 -835504992 104 194
-126963406 -924151093 113 153
-496505702 26834889 186 60
-325638117 -324893515 16 42
-362202527 -484820860 186 6
-859461536 -904945174 186 92
-708721547 -475989438 177 164
-257910772 -96933967 5 68
-166934621 -833432568 122 116
-422308858 39572228 137 163
-195605233 -162378239 56 127
-835696293 -436444096 24 103
-410217564 -258476474 102 170
-991409716 1144845 192 158
-335220036 -671958804 103 149
-873551974 -246308466 175 190
-365616624 -114931889 56 26
-596417391 -777817652 101 88
-629566751 -450356579 35 169
-847019950 -223651744 32 125
-200882585 -948052571 69 3
-943246876 -512226977 45 120
-722055815 -21313056 139 189
-446982019 -179170166 155 134
-780903042 -719338561 193 159
-69767283 -643327562 85 19
-133257581 -682245577 91 126
-295464436 -518142344 168 94
-115255556 -414200438 143 173
-973350652 -809760491 33 174
-10029104 -918183592 51 122
-305421983 -365288280 194 54
-408711456 -925680155 11 39
-777255689 -126840172 199 135
-445238809 -197659477 102 167
-54258989 -924590804 37 124
54720248 -877577182 186 147
-163376442 -478945375 178 195
-884675037 -486713650 5 29
-96395217 -114714837 91 58
-944140183 -755754614 87 132
-860018680 -14323334 98 23
-399585310 -112698093 196 192
-994535884 44876895 95 84
-101501653 -463051049 78 144
-847790586 -464037195 185 98
27276821 -378678017 67 26
-69187052 -933248363 28 28
-473058932 39147962 162 66
-168509635 -368195397 181 103
-354894651 -232500789 84 141
-898375944 -532165326 189 136
-673632853 -850296235 153 127
-157911842 20897094 67 53
-861335926 -465335836 169 83
-135439494 -214155605 181 112
-48797956 -303312705 21 155
-396344240 -661563415 32 112
-181172716 -259619731 68 151
38440746 -458907126 54 138
-490980919 -965252475 66 83
-893829974 -937357434 192 112
-273801308 -45541702 23 179
-3520500 37655662 148 40
-605128020 -322351067 53 186
-919997381 -986203177 185 95
-467780975 71971284 108 115
-928032745 -69994871 57 158
-477781992 -335916396 137 150
-920898044 -569045272 15 126
-14734650 -127270918 85 23
-386143562 -486183390 65 47
-943047728 -836577097 162 170
-6455494 -39313767 167 22
-510027199 -211103203 67 195
-633984440 -217860205 165 200
-566606740 -299961109 148 172
-820294456 -145547745 150 97
-661996908 -340697759 128 104
-987417183 -531544246 98 65
-12374311 -783627648 139 135
-316229431 -626399358 34 145
-591182235 -234600288 103 114
-879630967 -259802294 17 145
-905717800 -918076616 187 112
-802035697 -818784994 13 173
-626896144 -146011672 145 153
-636952006 -637395800 23 65
-267436676 -575269686 127 107
-447690847 -131798235 7 49
31191426 -632122374 152 115
26708196 -339480303 92 189
-920057682 -34007453 180 149
-839181769 -534064871 83 93
-583753475 -41659445 54 158
-645127893 -48915391 94 57
-284760406 -84548063 61 169
-439888450 -316630189 79 11
-230518951 -458195451 93 168
-382180698 -447508085 117 88
-518966654 -925540712 134 94
-802008871 -606903167 183 115
-382719201 -624513915 70 186
-642725281 -72559274 47 172
-266277224 -926950320 43 13
-833208228 63158050 49 49
-59308818 -543601699 84 111
-276185001 -555626852 172 75
-230453722 -626961597 169 141
-592214832 -488388854 71 67
-257621768 -576890670 40 135
-862221054 -989435797 32 182
-25817416 -152619935 42 129
-655833100 -245957917 26 182
-736569212 -408359460 5 112
-104948027 -750845082 118 58
-261627474 -801103090 59 95
-277255624 -46971480 164 168
-960304277 -21684053 147 97
-124838019 -41797821 129 89
-197352003 -44172640 127 25
-779501502 -834613206 75 109
-907615843 -543477858 55 15
-584427015 -296098739 179 32
-632901524 -357260316 68 189
-224321429 -776342900 19 117
-673604452 -656900276 87 34
-269521027 -157281055 176 81
-221517926 -734479720 51 78
-832192447 -838206007 74 106
63011070 -397744131 128 79
-683680449 -985485581 178 72
-238720267 -954039568 90 171
-161226235 -561064661 156 76
-514334739 -520957136 97 38
-918564372 -419498616 109 48
-627274366 -341070060 107 29
-406334932 -145172524 30 175
-190306136 -659281643 120 35
-980167902 -836281797 35 117
-202531047 -691145570 116 92
-383798048 -253126089 85 33
-372389375 -569307630 66 88
-685493515 -497115462 167 42
54887912 -469208546 143 97
-266656898 -604704867 143 63
-726049825 -168726464 21 143
-572959379 -665270712 139 26
-790255635 -686168937 74 195
-816997865 -585022557 183 79
-118822724 -513973011 104 162
-530659836 -778152132 196 25
-209804161 -976999166 94 68
-336874254 -792312904 147 21
-650801370 -348170726 167 108
-438067926 71756926 26 130
-470491708 -913693240 98 66
-74826233 -156346206 191 136
-813829312 -31195140 178 199
-673892926 -356641009 19 96
-652324294 -110016438 87 185
-907801981 -439062536 145 156
-327417793 33111677 37 111
-341429595 -75493505 111 24
-343718351 -339598757 35 93
-963499960 -936929882 125 8
-545818128 30419642 119 188
-729230308 -388221065 108 43
18693452 -3892285 81 67
-623846548 -565781137 48 184
-435429841 -644183932 21 82
-46916248 -390862033 90 183
18367494 -276493380 149 16
-952177737 -884695963 143 106
65410671 -336788510 191 178
-912373188 70918902 53 125
-812480215 -376398218 34 198
-912440793 -396070288 16 186
42268983 -541180277 31 63
-524151745 -273521488 80 186
-782547114 -222917996 86 180
-896706962 -522378289 86 160
-117826655 -433672850 127 76
-27703155 -365591215 102 200
-139100542 -808937810 179 44
-749441935 -711671152 151 63
-609815844 -937408980 34 131
-861754059 -445990299 161 99
-736854667 -145101104 86 196
-879156791 -924309480 143 119
-738081367 -62391141 104 198
-971196741 -179405943 198 79
-203572404 -880784904 185 176
-14529724 -765444448 116 18
-531567137 -996405181 124 48
-548827755 -940755983 141 71
69894390 -611098726 83 21
-342089117 -629302605 162 159
-76682776 -734189085 7 155
-127114320 -450575389 147 174
-41721160 -303289059 77 62
-699252005 -563223373 127 116
-863846845 -47363861 93 177
-682976791 -161000904 57 80
-677049941 -777647267 76 185
-369919979 -69954989 182 46
-556947709 -435093248 13 109
-387205738 -696783392 124 127
-985871045 -128019415 156 80
-598779216 -997920739 29 105
-514057907 -940636291 68 49
-883350018 -383058084 157 56
-139780952 -671819836 1 170
-602292739 -633013524 137 53
-288353060 -202403601 144 55
-547497510 -81294780 113 22
-356403065 -733289882 150 177
-962204288 -762508943 135 165
-585415297 -518193514 15 3
-498588452 -375013695 129 172
-125486016 -251391557 200 76
-441795981 -498711121 3 184
-716933993 35904489 119 190
-811174617 -768451823 41 13
-185960561 -884655519 178 157
-184493756 -779258239 196 34
-215922021 -485282799 46 155
-888448815 -899097336 106 125
-778397691 -612950677 129 66
-261976300 -143648495 123 58
-316972906 -820377749 50 147
-775302298 -541555828 50 143
-911334778 -16667166 55 30
-382980295 -38942112 33 91
65872293 -28571384 119 2
-189332634 -551378921 41 64
-713966390 -904845759 90 55
-467965765 -327581500 184 30
-94143364 -883061714 150 97
-638937148 -453429194 99 128
-433862945 -514691593 164 39
-15604776 -29977245 15 84
-719461152 -245122601 10 156
-964848281 -190679282 3 174
-374094685 -608874777 106 133
-556650622 -80044614 153 14
-498260692 -778508753 36 164
-263426901 -665555244 77 83
-696019123 -332694807 96 12
-457212194 -577923813 28 6
-915177521 18202136 86 29
-676110626 -925324718 25 196
-14219549 -748134071 25 89
-324979004 -55978456 116 101
-484007734 -560446297 33 151
-380455994 -582381977 124 106
-299590717 -643771323 145 15
-765506748 20669531 143 62
-657662155 -264363866 41 14
-406110440 47451013 168 179
-910997475 -800293232 21 20
-3904227 -522189440 49 88
-866136391 -918078958 14 84
-578734592 -59269325 121 200
-8494732 -605706029 160 171
37586758 -504911049 24 14
-936730348 -136894563 67 116
-698788706 -356211318 193 111
-127899102 -978989271 134 34
-392688536 -418108299 87 184
-158804070 -89035732 33 111
-512011388 -610403654 147 193
-735532332 -716405087 66 156
-389737377 56151810 93 105
-508902223 -16972713 123 161
-619631301 -503780219 65 59
-313156600 -220679490 42 190
-845788737 -711122694 28 113
-78586542 -436091922 129 82
-33213506 -174261311 120 127
-455434348 -800421128 183 140
-327047349 -327703986 109 115
-326215027 -756350096 175 159
-37423620 -622727720 161 3
-170259936 -614043590 160 131
-480541315 -235749822 73 22
-309875965 8723860 6 41
-402590376 -764170679 72 46
-781484888 -143519132 54 54
-568461309 -548727569 167 77
-449563540 -553861949 167 27
-831935702 -787611610 198 80
39194110 -17537592 120 163
-459080898 -122874688 195 113
-786701039 -106628967 157 6
-126689731 -12517482 49 112
-657243068 -847845201 118 70
-261688893 -788929545 35 4
-182774448 -458341527 90 31
-586037167 19755859 185 110
-565191052 -783992620 32 11
-901221924 -712795608 10 54
-753026787 -219273288 79 70
-461468776 -968528341 115 1
-785781286 -450037530 118 157
-263757050 -506672710 127 170
-354197122 -207989313 54 118
-235800517 -519126911 111 48
-395296874 -230881784 159 76
54979442 -615753365 13 8
29134349 -133463828 137 73
-177757739 -421545525 92 147
-542763492 -645431982 133 169
-53793401 -718623285 106 170
-229880200 -511931040 91 67
-983776012 -677234156 129 177
-897666378 -438365873 157 186
-323365539 -67034435 186 113
71840769 -154595984 76 68
9501853 -846163079 195 138
-257970433 -979783810 18 162
-14879167 -912599812 91 72
-868904192 36736806 96 41
-138033209 -185123923 20 20
-245258648 -867273260 41 120
-908216267 12008338 1 45
-751889314 -149800513 46 170
-545366307 -873083529 73 32
-275894347 -57214921 43 93
-494348945 -255487648 154 165
-962685158 -542033107 123 44
-910108353 -365077967 1 100
-987683201 -640756222 160 193
-66263081 27791004 153 31
-268344890 -755858028 54 142
-405527873 -791639222 74 48
-16235343 30646150 161 125
-864385396 -948833716 101 62
-190405623 -233087793 68 5
-738115290 29627331 22 28
-521892851 -826012795 131 175
-87837858 -567714867 105 170
-579942371 -292211734 155 186
-481007185 -536940109 56 150
-255393882 12745911 81 123
-729999278 -846793647 67 69
-426929072 -676734297 161 104
-10852728 -688259132 177 182
-890000027 -273590457 81 119
-878897885 -189536166 183 96
-683205500 -263849220 69 129
-941405098 -897526090 119 37
-39811193 -990435756 4 12
-63169346 -32722622 124 86
-508394575 -860363119 114 89
-54493264 -831521063 11 79
-323613156 -46493326 80 138
-95132988 -622907723 124 53
-898036383 -126864316 137 79
-276526431 -428478058 81 127
-41072505 -232447447 95 90
-410855158 -953511885 22 186
-661291215 -473879129 150 97
-45759960 -841717019 146 41
-894267645 -333293196 111 36
-792330982 -715026799 5 60
-854306220 -643888001 8 175
-799327302 -954299691 75 183
-542890982 -65006271 18 153
-734169679 36173175 184 46
-489343727 -43972539 43 77
-367062339 -201865462 196 198
-57565651 -582138379 14 192
-823361472 -804029215 17 191
-699900862 -796970073 96 147
-190087668 -187126728 60 97
-501407503 -556043289 180 147
-763941267 -345247072 153 187
-181263147 5450245 129 175
-593578633 -792137813 66 35
-451287314 -708963102 19 8
-488410222 -705940520 73 2
-161118899 -69563146 192 63
-220715198 -450604864 188 47
-900785408 -697650779 92 91
-61144517 -629213567 193 111
-645247168 -781004349 63 121
-700908124 -581481877 58 18
-365723175 -157787292 149 41
-521700950 -922524951 2 80
-824590120 -727851287 167 190
-446401464 -224291663 145 45
-592317573 -687771321 16 197
-298523820 -100106961 21 170
-421599659 -876840551 139 88
-125764147 -204278226 139 5
-320494400 -182405656 60 148
-78479261 -628105529 132 99
-902411385 -439090375 140 42
-487278264 -720411250 51 133
-723730221 -990694184 129 122
-26187979 -3227653 22 72
-112263850 -129333533 13 110
-47564866 -947193066 83 81
22532790 -759662567 110 77
-90083110 48910693 150 176
-735487172 -995584285 119 174
-162754132 -649219558 32 162
-578289987 -323809886 165 64
-174524777 -457546376 43 125
-367478584 -967247301 20 198
-301446014 -588318074 107 167
-422474736 -723198752 3 56
-177315993 -108434953 151 87
-779956453 -932730336 37 198
-699494366 -648340904 160 56
-930464213 -86750159 82 135
-967180937 -590139014 169 155
-945947028 54730620 166 35
-586175389 26107682 169 179
-4555169 -45566358 145 109
-931775577 -318436114 93 94
-667787387 41644141 55 173
-570495342 -195551350 154 90
-958704304 -200560560 136 28
-981492978 -817908460 193 37
-849599162 -763118142 43 128
-598620435 68717771 84 17
-912640906 27794976 199 18
-829194123 -82574337 120 62
-414757344 -160370557 67 158
-998228440 -964471756 20 146
-527233121 -315909878 118 97
-504114728 -834208104 186 142
-604789351 -440940696 25 161
-167527701 -329412441 51 146
-719927703 65414319 77 200
-658349078 -393302501 151 147
-554592820 -772623266 39 162
-719874224 -516092903 53 107
-320315957 52966569 155 18
-591186031 -816723558 1 90
-249345817 -191198712 145 111
-461830553 -213135082 60 26
-33912437 -905575934 49 108
-434272412 -647221385 25 184
-125855058 -456361671 45 79
-416855628 50629692 77 105
-902625849 -753618759 54 1
18457906 -488100116 15 10
-540288523 -184131971 127 182
-903629138 -84689475 136 60
-483770258 -164936382 114 135
-605968516 -926703227 37 7
-27141592 -655794288 105 54
-701297601 -814138656 147 110
-706063674 -232527356 166 17
-599693577 -324053854 90 59
-940845884 -755509021 29 146
-375809976 -964362369 133 116
-558970138 -23460644 136 85
-43463667 13419256 73 173
69704413 -363455716 187 91
-102847203 -950382712 85 86
-458898117 -441803625 58 21
-173609893 -613376498 89 103
-828139879 -393611116 8 37
-578033917 -229726083 178 179
-38840827 -441086343 50 49
-466651085 -757061693 85 10
-561996623 -549674279 83 128
-571686473 8946422 122 139
-98745639 -618949701 57 65
-959055847 -518857787 171 113
-701395467 -168273876 64 169
-791708184 -339745764 174 13
-126612449 -234809594 93 29
-137307576 -814520039 159 12
-616871738 -1482494 174 129
-96348486 -570343634 34 81
19416724 -536192516 9 23
-210186196 -358745193 168 85
-168465765 -643932795 3 27
-162068669 -378984705 200 5
-362593081 -434115922 154 30
-435651609 -31500947 88 52
-112696961 -825761006 37 136
-354312176 -941240461 44 42
62820509 -634754780 67 83
22801871 -667404135 150 21
-227586672 -940054086 49 53
20393119 -487006457 159 126
-905595697 -120185638 200 173
-625872404 -711221134 173 110
-524864896 6490564 118 193
-403789596 -478867384 94 97
-487172504 -11544001 140 159
-798315139 -181744866 100 156
-180455146 60819751 176 130
-593377594 -918576295 34 83
-519987638 -855197641 117 22
-137851790 -205614309 30 189
-625590101 -211371757 64 199
-39025759 -888234128 183 50
-821562711 -848456296 84 182
-760185103 -270755655 18 109
-987627345 -716004505 185 173
-471069244 -30710697 40 6
69140621 -373952850 152 36
-848820525 -713016421 194 139
-912885212 -392263623 98 92
-998311437 -969831442 39 88
-11823790 43418298 194 27
72914214 -774577092 158 171
-33949409 65710932 65 153
-628635420 -858973275 184 172
-884651991 -234469012 177 122
-775178326 -822567578 88 108
-523901364 -84545101 124 107
-655770428 25003524 53 37
-365464682 -721471377 181 58
-475097514 -138740294 95 129
-926570391 -865874167 71 177
-469074255 -514589659 177 87
-914555151 -583247652 30 123
-649117485 56516909 126 99
-589998648 -679967941 59 33
-745499585 -961376458 151 180
-43812889 -352637757 36 21
-383890434 -917048697 36 83
-744180272 -640014366 163 112
-64609035 17768954 98 10
-991167495 -289741657 86 9
-831668375 -586545947 156 122
-76311941 -179237428 144 191
20320207 -189781433 69 185
-712510982 -755178240 110 128
-13446440 -242270922 53 35
-908731945 -41391495 4 177
-290565956 40747656 170 175
-287632492 -301622342 193 192
-373064763 -982381633 193 117
-210727034 -842279520 177 128
-625068513 -143357126 85 182
-159693119 -73849421 41 149
-90715425 -697502311 56 108
-876999104 -422930774 137 191
-812194224 -989832079 96 43
-609171628 -557890497 45 187
-368338555 -584143312 92 7
-323282610 -732675532 116 176
-47401701 2115410 127 159
53846127 -343792987 38 127
-770078899 -787054396 60 137
-422658545 -618911857 48 30
-218904258 -378148968 27 192
-84576756 -122917983 186 157
-870267007 -201913878 147 51
-127728266 -294252990 59 194
-509308435 -51149551 73 46
-171041161 -108220702 138 73
-694042977 -439140086 128 54
-843713145 -300432508 81 143
-453505969 -912423648 138 32
-816837679 -542075253 142 177
50294743 10637792 6 67
-929570081 -337938492 34 32
-714483456 -783537092 59 135
-679705203 -995431244 118 111
-348276082 -66370051 172 141
-802352597 -109417437 130 119
-503897714 -261640339 60 200
-427281932 -607227672 200 113
-272439329 -651624891 164 83
-391534162 -28217353 49 181
-237023745 -844425772 115 68
-124227678 -336495193 167 75
-48756713 -700023696 190 89
-753634626 -719376824 123 160
-832271800 -773658079 192 145
-779780344 -785744412 8 186
-643358666 -358482804 172 197
-184095930 -238892204 88 62
-729179179 -408011747 104 129
-392627222 -963431802 149 56
-75716749 -903160201 69 181
-932436157 -822062579 147 140
-288094458 54456864 61 112
-598792479 -133773335 44 181
-435792713 -247177368 108 126
-750779832 -465866345 84 12
-687143762 -233379174 59 192
-300548391 -605832356 151 26
-808076258 -125721755 97 148
-414048004 -482702643 192 64
-537376876 -221549172 34 166
-972215662 -725053278 92 78
-799196036 -261583156 149 127
-368885095 -35254852 198 138
-953708045 -725389811 48 108
-20532704 -615065741 180 123
-709870380 -986648627 55 154
-469310866 -200726748 90 86
-827974916 -537388088 22 47
-117012371 -269352710 174 64
-498681376 -360384533 36 188
-652072612 -384909828 140 76
-557661103 -994851717 89 1
-142449484 -729807529 67 79
-759684210 -817822336 32 88
-404050086 29802732 47 89
-271573110 -749435528 81 54
44231686 -836282083 25 198
-344028545 -651051719 120 143
-242610958 -903789613 21 5
-69188685 -66630363 11 113
-733893945 -283987245 74 95
-289989240 -388435052 91 83
-914670396 -487559871 120 20
-125209911 -695227267 16 39
-882254289 -399761292 29 186
-102762701 -450435481 194 68
-313832192 -139906052 152 71
-660369598 -235014001 29 96
-400912949 -488542991 34 177
-342246595 -817871270 5 133
72966382 -64951170 114 66
-704192124 -327664643 187 83
-821889796 -488450644 88 49
-781777896 -566521751 95 94
-409566616 -229562766 12 174
55553387 -755599236 87 64
-716882827 -270462979 80 173
-580116375 -488720538 63 154
-247184547 -132949444 60 78
-442820667 -922765224 49 30
-734657601 -951050577 97 60
-466706296 -211378829 151 32
-726028466 -588978575 25 124
-699900969 -126849041 15 85
-988169545 -702253182 125 80
-497535995 -549692022 143 131
-31748910 -6070951 182 164
-323399464 -919261389 185 67
-454472947 -90802007 144 15
-898476257 -356555529 41 124
-98275564 -196042126 124 61
-267305100 -519298261 13 129
-535883324 -840978870 126 12
-626372531 -754983718 180 13
-438397102 -238233619 135 165
-789215416 -347707536 11 45
