5000 5000
999999999 1 1
999999999 1 2
999999999 1 3
999999999 1 4
999999999 1 5
999999999 1 6
999999999 1 7
999999999 1 8
999999999 1 9
999999999 1 10
999999999 1 11
999999999 1 12
999999999 1 13
999999999 1 14
999999999 1 15
999999999 1 16
999999999 1 17
999999999 1 18
999999999 1 19
999999999 1 20
999999999 1 21
999999999 1 22
999999999 1 23
999999999 1 24
999999999 1 25
999999999 1 26
999999999 1 27
999999999 1 28
999999999 1 29
999999999 1 30
999999999 1 31
999999999 1 32
999999999 1 33
999999999 1 34
999999999 1 35
999999999 1 36
999999999 1 37
999999999 1 38
999999999 1 39
999999999 1 40
999999999 1 41
999999999 1 42
999999999 1 43
999999999 1 44
999999999 1 45
999999999 1 46
999999999 1 47
999999999 1 48
999999999 1 49
999999999 1 50
999999999 1 51
999999999 1 52
999999999 1 53
999999999 1 54
999999999 1 55
999999999 1 56
999999999 1 57
999999999 1 58
999999999 1 59
999999999 1 60
999999999 1 61
999999999 1 62
999999999 1 63
999999999 1 64
999999999 1 65
999999999 1 66
999999999 1 67
999999999 1 68
999999999 1 69
999999999 1 70
999999999 1 71
999999999 1 72
999999999 1 73
999999999 1 74
999999999 1 75
999999999 1 76
999999999 1 77
999999999 1 78
999999999 1 79
999999999 1 80
999999999 1 81
999999999 1 82
999999999 1 83
999999999 1 84
999999999 1 85
999999999 1 86
999999999 1 87
999999999 1 88
999999999 1 89
999999999 1 90
999999999 1 91
999999999 1 92
999999999 1 93
999999999 1 94
999999999 1 95
999999999 1 96
999999999 1 97
999999999 1 98
999999999 1 99
999999999 1 100
999999999 1 101
999999999 1 102
999999999 1 103
999999999 1 104
999999999 1 105
999999999 1 106
999999999 1 107
999999999 1 108
999999999 1 109
999999999 1 110
999999999 1 111
999999999 1 112
999999999 1 113
999999999 1 114
999999999 1 115
999999999 1 116
999999999 1 117
999999999 1 118
999999999 1 119
999999999 1 120
999999999 1 121
999999999 1 122
999999999 1 123
999999999 1 124
999999999 1 125
999999999 1 126
999999999 1 127
999999999 1 128
999999999 1 129
999999999 1 130
999999999 1 131
999999999 1 132
999999999 1 133
999999999 1 134
999999999 1 135
999999999 1 136
999999999 1 137
999999999 1 138
999999999 1 139
999999999 1 140
999999999 1 141
999999999 1 142
999999999 1 143
999999999 1 144
999999999 1 145
999999999 1 146
999999999 1 147
999999999 1 148
999999999 1 149
999999999 1 150
999999999 1 151
999999999 1 152
999999999 1 153
999999999 1 154
999999999 1 155
999999999 1 156
999999999 1 157
999999999 1 158
999999999 1 159
999999999 1 160
999999999 1 161
999999999 1 162
999999999 1 163
999999999 1 164
999999999 1 165
999999999 1 166
999999999 1 167
999999999 1 168
999999999 1 169
999999999 1 170
999999999 1 171
999999999 1 172
999999999 1 173
999999999 1 174
999999999 1 175
999999999 1 176
999999999 1 177
999999999 1 178
999999999 1 179
999999999 1 180
999999999 1 181
999999999 1 182
999999999 1 183
999999999 1 184
999999999 1 185
999999999 1 186
999999999 1 187
999999999 1 188
999999999 1 189
999999999 1 190
999999999 1 191
999999999 1 192
999999999 1 193
999999999 1 194
999999999 1 195
999999999 1 196
999999999 1 197
999999999 1 198
999999999 1 199
999999999 1 200
999999999 1 201
999999999 1 202
999999999 1 203
999999999 1 204
999999999 1 205
999999999 1 206
999999999 1 207
999999999 1 208
999999999 1 209
999999999 1 210
999999999 1 211
999999999 1 212
999999999 1 213
999999999 1 214
999999999 1 215
999999999 1 216
999999999 1 217
999999999 1 218
999999999 1 219
999999999 1 220
999999999 1 221
999999999 1 222
999999999 1 223
999999999 1 224
999999999 1 225
999999999 1 226
999999999 1 227
999999999 1 228
999999999 1 229
999999999 1 230
999999999 1 231
999999999 1 232
999999999 1 233
999999999 1 234
999999999 1 235
999999999 1 236
999999999 1 237
999999999 1 238
999999999 1 239
999999999 1 240
999999999 1 241
999999999 1 242
999999999 1 243
999999999 1 244
999999999 1 245
999999999 1 246
999999999 1 247
999999999 1 248
999999999 1 249
999999999 1 250
999999999 1 251
999999999 1 252
999999999 1 253
999999999 1 254
999999999 1 255
999999999 1 256
999999999 1 257
999999999 1 258
999999999 1 259
999999999 1 260
999999999 1 261
999999999 1 262
999999999 1 263
999999999 1 264
999999999 1 265
999999999 1 266
999999999 1 267
999999999 1 268
999999999 1 269
999999999 1 270
999999999 1 271
999999999 1 272
999999999 1 273
999999999 1 274
999999999 1 275
999999999 1 276
999999999 1 277
999999999 1 278
999999999 1 279
999999999 1 280
999999999 1 281
999999999 1 282
999999999 1 283
999999999 1 284
999999999 1 285
999999999 1 286
999999999 1 287
999999999 1 288
999999999 1 289
999999999 1 290
999999999 1 291
999999999 1 292
999999999 1 293
999999999 1 294
999999999 1 295
999999999 1 296
999999999 1 297
999999999 1 298
999999999 1 299
999999999 1 300
999999999 1 301
999999999 1 302
999999999 1 303
999999999 1 304
999999999 1 305
999999999 1 306
999999999 1 307
999999999 1 308
999999999 1 309
999999999 1 310
999999999 1 311
999999999 1 312
999999999 1 313
999999999 1 314
999999999 1 315
999999999 1 316
999999999 1 317
999999999 1 318
999999999 1 319
999999999 1 320
999999999 1 321
999999999 1 322
999999999 1 323
999999999 1 324
999999999 1 325
999999999 1 326
999999999 1 327
999999999 1 328
999999999 1 329
999999999 1 330
999999999 1 331
999999999 1 332
999999999 1 333
999999999 1 334
999999999 1 335
999999999 1 336
999999999 1 337
999999999 1 338
999999999 1 339
999999999 1 340
999999999 1 341
999999999 1 342
999999999 1 343
999999999 1 344
999999999 1 345
999999999 1 346
999999999 1 347
999999999 1 348
999999999 1 349
999999999 1 350
999999999 1 351
999999999 1 352
999999999 1 353
999999999 1 354
999999999 1 355
999999999 1 356
999999999 1 357
999999999 1 358
999999999 1 359
999999999 1 360
999999999 1 361
999999999 1 362
999999999 1 363
999999999 1 364
999999999 1 365
999999999 1 366
999999999 1 367
999999999 1 368
999999999 1 369
999999999 1 370
999999999 1 371
999999999 1 372
999999999 1 373
999999999 1 374
999999999 1 375
999999999 1 376
999999999 1 377
999999999 1 378
999999999 1 379
999999999 1 380
999999999 1 381
999999999 1 382
999999999 1 383
999999999 1 384
999999999 1 385
999999999 1 386
999999999 1 387
999999999 1 388
999999999 1 389
999999999 1 390
999999999 1 391
999999999 1 392
999999999 1 393
999999999 1 394
999999999 1 395
999999999 1 396
999999999 1 397
999999999 1 398
999999999 1 399
999999999 1 400
999999999 1 401
999999999 1 402
999999999 1 403
999999999 1 404
999999999 1 405
999999999 1 406
999999999 1 407
999999999 1 408
999999999 1 409
999999999 1 410
999999999 1 411
999999999 1 412
999999999 1 413
999999999 1 414
999999999 1 415
999999999 1 416
999999999 1 417
999999999 1 418
999999999 1 419
999999999 1 420
999999999 1 421
999999999 1 422
999999999 1 423
999999999 1 424
999999999 1 425
999999999 1 426
999999999 1 427
999999999 1 428
999999999 1 429
999999999 1 430
999999999 1 431
999999999 1 432
999999999 1 433
999999999 1 434
999999999 1 435
999999999 1 436
999999999 1 437
999999999 1 438
999999999 1 439
999999999 1 440
999999999 1 441
999999999 1 442
999999999 1 443
999999999 1 444
999999999 1 445
999999999 1 446
999999999 1 447
999999999 1 448
999999999 1 449
999999999 1 450
999999999 1 451
999999999 1 452
999999999 1 453
999999999 1 454
999999999 1 455
999999999 1 456
999999999 1 457
999999999 1 458
999999999 1 459
999999999 1 460
999999999 1 461
999999999 1 462
999999999 1 463
999999999 1 464
999999999 1 465
999999999 1 466
999999999 1 467
999999999 1 468
999999999 1 469
999999999 1 470
999999999 1 471
999999999 1 472
999999999 1 473
999999999 1 474
999999999 1 475
999999999 1 476
999999999 1 477
999999999 1 478
999999999 1 479
999999999 1 480
999999999 1 481
999999999 1 482
999999999 1 483
999999999 1 484
999999999 1 485
999999999 1 486
999999999 1 487
999999999 1 488
999999999 1 489
999999999 1 490
999999999 1 491
999999999 1 492
999999999 1 493
999999999 1 494
999999999 1 495
999999999 1 496
999999999 1 497
999999999 1 498
999999999 1 499
999999999 1 500
999999999 1 501
999999999 1 502
999999999 1 503
999999999 1 504
999999999 1 505
999999999 1 506
999999999 1 507
999999999 1 508
999999999 1 509
999999999 1 510
999999999 1 511
999999999 1 512
999999999 1 513
999999999 1 514
999999999 1 515
999999999 1 516
999999999 1 517
999999999 1 518
999999999 1 519
999999999 1 520
999999999 1 521
999999999 1 522
999999999 1 523
999999999 1 524
999999999 1 525
999999999 1 526
999999999 1 527
999999999 1 528
999999999 1 529
999999999 1 530
999999999 1 531
999999999 1 532
999999999 1 533
999999999 1 534
999999999 1 535
999999999 1 536
999999999 1 537
999999999 1 538
999999999 1 539
999999999 1 540
999999999 1 541
999999999 1 542
999999999 1 543
999999999 1 544
999999999 1 545
999999999 1 546
999999999 1 547
999999999 1 548
999999999 1 549
999999999 1 550
999999999 1 551
999999999 1 552
999999999 1 553
999999999 1 554
999999999 1 555
999999999 1 556
999999999 1 557
999999999 1 558
999999999 1 559
999999999 1 560
999999999 1 561
999999999 1 562
999999999 1 563
999999999 1 564
999999999 1 565
999999999 1 566
999999999 1 567
999999999 1 568
999999999 1 569
999999999 1 570
999999999 1 571
999999999 1 572
999999999 1 573
999999999 1 574
999999999 1 575
999999999 1 576
999999999 1 577
999999999 1 578
999999999 1 579
999999999 1 580
999999999 1 581
999999999 1 582
999999999 1 583
999999999 1 584
999999999 1 585
999999999 1 586
999999999 1 587
999999999 1 588
999999999 1 589
999999999 1 590
999999999 1 591
999999999 1 592
999999999 1 593
999999999 1 594
999999999 1 595
999999999 1 596
999999999 1 597
999999999 1 598
999999999 1 599
999999999 1 600
999999999 1 601
999999999 1 602
999999999 1 603
999999999 1 604
999999999 1 605
999999999 1 606
999999999 1 607
999999999 1 608
999999999 1 609
999999999 1 610
999999999 1 611
999999999 1 612
999999999 1 613
999999999 1 614
999999999 1 615
999999999 1 616
999999999 1 617
999999999 1 618
999999999 1 619
999999999 1 620
999999999 1 621
999999999 1 622
999999999 1 623
999999999 1 624
999999999 1 625
999999999 1 626
999999999 1 627
999999999 1 628
999999999 1 629
999999999 1 630
999999999 1 631
999999999 1 632
999999999 1 633
999999999 1 634
999999999 1 635
999999999 1 636
999999999 1 637
999999999 1 638
999999999 1 639
999999999 1 640
999999999 1 641
999999999 1 642
999999999 1 643
999999999 1 644
999999999 1 645
999999999 1 646
999999999 1 647
999999999 1 648
999999999 1 649
999999999 1 650
999999999 1 651
999999999 1 652
999999999 1 653
999999999 1 654
999999999 1 655
999999999 1 656
999999999 1 657
999999999 1 658
999999999 1 659
999999999 1 660
999999999 1 661
999999999 1 662
999999999 1 663
999999999 1 664
999999999 1 665
999999999 1 666
999999999 1 667
999999999 1 668
999999999 1 669
999999999 1 670
999999999 1 671
999999999 1 672
999999999 1 673
999999999 1 674
999999999 1 675
999999999 1 676
999999999 1 677
999999999 1 678
999999999 1 679
999999999 1 680
999999999 1 681
999999999 1 682
999999999 1 683
999999999 1 684
999999999 1 685
999999999 1 686
999999999 1 687
999999999 1 688
999999999 1 689
999999999 1 690
999999999 1 691
999999999 1 692
999999999 1 693
999999999 1 694
999999999 1 695
999999999 1 696
999999999 1 697
999999999 1 698
999999999 1 699
999999999 1 700
999999999 1 701
999999999 1 702
999999999 1 703
999999999 1 704
999999999 1 705
999999999 1 706
999999999 1 707
999999999 1 708
999999999 1 709
999999999 1 710
999999999 1 711
999999999 1 712
999999999 1 713
999999999 1 714
999999999 1 715
999999999 1 716
999999999 1 717
999999999 1 718
999999999 1 719
999999999 1 720
999999999 1 721
999999999 1 722
999999999 1 723
999999999 1 724
999999999 1 725
999999999 1 726
999999999 1 727
999999999 1 728
999999999 1 729
999999999 1 730
999999999 1 731
999999999 1 732
999999999 1 733
999999999 1 734
999999999 1 735
999999999 1 736
999999999 1 737
999999999 1 738
999999999 1 739
999999999 1 740
999999999 1 741
999999999 1 742
999999999 1 743
999999999 1 744
999999999 1 745
999999999 1 746
999999999 1 747
999999999 1 748
999999999 1 749
999999999 1 750
999999999 1 751
999999999 1 752
999999999 1 753
999999999 1 754
999999999 1 755
999999999 1 756
999999999 1 757
999999999 1 758
999999999 1 759
999999999 1 760
999999999 1 761
999999999 1 762
999999999 1 763
999999999 1 764
999999999 1 765
999999999 1 766
999999999 1 767
999999999 1 768
999999999 1 769
999999999 1 770
999999999 1 771
999999999 1 772
999999999 1 773
999999999 1 774
999999999 1 775
999999999 1 776
999999999 1 777
999999999 1 778
999999999 1 779
999999999 1 780
999999999 1 781
999999999 1 782
999999999 1 783
999999999 1 784
999999999 1 785
999999999 1 786
999999999 1 787
999999999 1 788
999999999 1 789
999999999 1 790
999999999 1 791
999999999 1 792
999999999 1 793
999999999 1 794
999999999 1 795
999999999 1 796
999999999 1 797
999999999 1 798
999999999 1 799
999999999 1 800
999999999 1 801
999999999 1 802
999999999 1 803
999999999 1 804
999999999 1 805
999999999 1 806
999999999 1 807
999999999 1 808
999999999 1 809
999999999 1 810
999999999 1 811
999999999 1 812
999999999 1 813
999999999 1 814
999999999 1 815
999999999 1 816
999999999 1 817
999999999 1 818
999999999 1 819
999999999 1 820
999999999 1 821
999999999 1 822
999999999 1 823
999999999 1 824
999999999 1 825
999999999 1 826
999999999 1 827
999999999 1 828
999999999 1 829
999999999 1 830
999999999 1 831
999999999 1 832
999999999 1 833
999999999 1 834
999999999 1 835
999999999 1 836
999999999 1 837
999999999 1 838
999999999 1 839
999999999 1 840
999999999 1 841
999999999 1 842
999999999 1 843
999999999 1 844
999999999 1 845
999999999 1 846
999999999 1 847
999999999 1 848
999999999 1 849
999999999 1 850
999999999 1 851
999999999 1 852
999999999 1 853
999999999 1 854
999999999 1 855
999999999 1 856
999999999 1 857
999999999 1 858
999999999 1 859
999999999 1 860
999999999 1 861
999999999 1 862
999999999 1 863
999999999 1 864
999999999 1 865
999999999 1 866
999999999 1 867
999999999 1 868
999999999 1 869
999999999 1 870
999999999 1 871
999999999 1 872
999999999 1 873
999999999 1 874
999999999 1 875
999999999 1 876
999999999 1 877
999999999 1 878
999999999 1 879
999999999 1 880
999999999 1 881
999999999 1 882
999999999 1 883
999999999 1 884
999999999 1 885
999999999 1 886
999999999 1 887
999999999 1 888
999999999 1 889
999999999 1 890
999999999 1 891
999999999 1 892
999999999 1 893
999999999 1 894
999999999 1 895
999999999 1 896
999999999 1 897
999999999 1 898
999999999 1 899
999999999 1 900
999999999 1 901
999999999 1 902
999999999 1 903
999999999 1 904
999999999 1 905
999999999 1 906
999999999 1 907
999999999 1 908
999999999 1 909
999999999 1 910
999999999 1 911
999999999 1 912
999999999 1 913
999999999 1 914
999999999 1 915
999999999 1 916
999999999 1 917
999999999 1 918
999999999 1 919
999999999 1 920
999999999 1 921
999999999 1 922
999999999 1 923
999999999 1 924
999999999 1 925
999999999 1 926
999999999 1 927
999999999 1 928
999999999 1 929
999999999 1 930
999999999 1 931
999999999 1 932
999999999 1 933
999999999 1 934
999999999 1 935
999999999 1 936
999999999 1 937
999999999 1 938
999999999 1 939
999999999 1 940
999999999 1 941
999999999 1 942
999999999 1 943
999999999 1 944
999999999 1 945
999999999 1 946
999999999 1 947
999999999 1 948
999999999 1 949
999999999 1 950
999999999 1 951
999999999 1 952
999999999 1 953
999999999 1 954
999999999 1 955
999999999 1 956
999999999 1 957
999999999 1 958
999999999 1 959
999999999 1 960
999999999 1 961
999999999 1 962
999999999 1 963
999999999 1 964
999999999 1 965
999999999 1 966
999999999 1 967
999999999 1 968
999999999 1 969
999999999 1 970
999999999 1 971
999999999 1 972
999999999 1 973
999999999 1 974
999999999 1 975
999999999 1 976
999999999 1 977
999999999 1 978
999999999 1 979
999999999 1 980
999999999 1 981
999999999 1 982
999999999 1 983
999999999 1 984
999999999 1 985
999999999 1 986
999999999 1 987
999999999 1 988
999999999 1 989
999999999 1 990
999999999 1 991
999999999 1 992
999999999 1 993
999999999 1 994
999999999 1 995
999999999 1 996
999999999 1 997
999999999 1 998
999999999 1 999
999999999 1 1000
999999999 1 1001
999999999 1 1002
999999999 1 1003
999999999 1 1004
999999999 1 1005
999999999 1 1006
999999999 1 1007
999999999 1 1008
999999999 1 1009
999999999 1 1010
999999999 1 1011
999999999 1 1012
999999999 1 1013
999999999 1 1014
999999999 1 1015
999999999 1 1016
999999999 1 1017
999999999 1 1018
999999999 1 1019
999999999 1 1020
999999999 1 1021
999999999 1 1022
999999999 1 1023
999999999 1 1024
999999999 1 1025
999999999 1 1026
999999999 1 1027
999999999 1 1028
999999999 1 1029
999999999 1 1030
999999999 1 1031
999999999 1 1032
999999999 1 1033
999999999 1 1034
999999999 1 1035
999999999 1 1036
999999999 1 1037
999999999 1 1038
999999999 1 1039
999999999 1 1040
999999999 1 1041
999999999 1 1042
999999999 1 1043
999999999 1 1044
999999999 1 1045
999999999 1 1046
999999999 1 1047
999999999 1 1048
999999999 1 1049
999999999 1 1050
999999999 1 1051
999999999 1 1052
999999999 1 1053
999999999 1 1054
999999999 1 1055
999999999 1 1056
999999999 1 1057
999999999 1 1058
999999999 1 1059
999999999 1 1060
999999999 1 1061
999999999 1 1062
999999999 1 1063
999999999 1 1064
999999999 1 1065
999999999 1 1066
999999999 1 1067
999999999 1 1068
999999999 1 1069
999999999 1 1070
999999999 1 1071
999999999 1 1072
999999999 1 1073
999999999 1 1074
999999999 1 1075
999999999 1 1076
999999999 1 1077
999999999 1 1078
999999999 1 1079
999999999 1 1080
999999999 1 1081
999999999 1 1082
999999999 1 1083
999999999 1 1084
999999999 1 1085
999999999 1 1086
999999999 1 1087
999999999 1 1088
999999999 1 1089
999999999 1 1090
999999999 1 1091
999999999 1 1092
999999999 1 1093
999999999 1 1094
999999999 1 1095
999999999 1 1096
999999999 1 1097
999999999 1 1098
999999999 1 1099
999999999 1 1100
999999999 1 1101
999999999 1 1102
999999999 1 1103
999999999 1 1104
999999999 1 1105
999999999 1 1106
999999999 1 1107
999999999 1 1108
999999999 1 1109
999999999 1 1110
999999999 1 1111
999999999 1 1112
999999999 1 1113
999999999 1 1114
999999999 1 1115
999999999 1 1116
999999999 1 1117
999999999 1 1118
999999999 1 1119
999999999 1 1120
999999999 1 1121
999999999 1 1122
999999999 1 1123
999999999 1 1124
999999999 1 1125
999999999 1 1126
999999999 1 1127
999999999 1 1128
999999999 1 1129
999999999 1 1130
999999999 1 1131
999999999 1 1132
999999999 1 1133
999999999 1 1134
999999999 1 1135
999999999 1 1136
999999999 1 1137
999999999 1 1138
999999999 1 1139
999999999 1 1140
999999999 1 1141
999999999 1 1142
999999999 1 1143
999999999 1 1144
999999999 1 1145
999999999 1 1146
999999999 1 1147
999999999 1 1148
999999999 1 1149
999999999 1 1150
999999999 1 1151
999999999 1 1152
999999999 1 1153
999999999 1 1154
999999999 1 1155
999999999 1 1156
999999999 1 1157
999999999 1 1158
999999999 1 1159
999999999 1 1160
999999999 1 1161
999999999 1 1162
999999999 1 1163
999999999 1 1164
999999999 1 1165
999999999 1 1166
999999999 1 1167
999999999 1 1168
999999999 1 1169
999999999 1 1170
999999999 1 1171
999999999 1 1172
999999999 1 1173
999999999 1 1174
999999999 1 1175
999999999 1 1176
999999999 1 1177
999999999 1 1178
999999999 1 1179
999999999 1 1180
999999999 1 1181
999999999 1 1182
999999999 1 1183
999999999 1 1184
999999999 1 1185
999999999 1 1186
999999999 1 1187
999999999 1 1188
999999999 1 1189
999999999 1 1190
999999999 1 1191
999999999 1 1192
999999999 1 1193
999999999 1 1194
999999999 1 1195
999999999 1 1196
999999999 1 1197
999999999 1 1198
999999999 1 1199
999999999 1 1200
999999999 1 1201
999999999 1 1202
999999999 1 1203
999999999 1 1204
999999999 1 1205
999999999 1 1206
999999999 1 1207
999999999 1 1208
999999999 1 1209
999999999 1 1210
999999999 1 1211
999999999 1 1212
999999999 1 1213
999999999 1 1214
999999999 1 1215
999999999 1 1216
999999999 1 1217
999999999 1 1218
999999999 1 1219
999999999 1 1220
999999999 1 1221
999999999 1 1222
999999999 1 1223
999999999 1 1224
999999999 1 1225
999999999 1 1226
999999999 1 1227
999999999 1 1228
999999999 1 1229
999999999 1 1230
999999999 1 1231
999999999 1 1232
999999999 1 1233
999999999 1 1234
999999999 1 1235
999999999 1 1236
999999999 1 1237
999999999 1 1238
999999999 1 1239
999999999 1 1240
999999999 1 1241
999999999 1 1242
999999999 1 1243
999999999 1 1244
999999999 1 1245
999999999 1 1246
999999999 1 1247
999999999 1 1248
999999999 1 1249
999999999 1 1250
999999999 1 1251
999999999 1 1252
999999999 1 1253
999999999 1 1254
999999999 1 1255
999999999 1 1256
999999999 1 1257
999999999 1 1258
999999999 1 1259
999999999 1 1260
999999999 1 1261
999999999 1 1262
999999999 1 1263
999999999 1 1264
999999999 1 1265
999999999 1 1266
999999999 1 1267
999999999 1 1268
999999999 1 1269
999999999 1 1270
999999999 1 1271
999999999 1 1272
999999999 1 1273
999999999 1 1274
999999999 1 1275
999999999 1 1276
999999999 1 1277
999999999 1 1278
999999999 1 1279
999999999 1 1280
999999999 1 1281
999999999 1 1282
999999999 1 1283
999999999 1 1284
999999999 1 1285
999999999 1 1286
999999999 1 1287
999999999 1 1288
999999999 1 1289
999999999 1 1290
999999999 1 1291
999999999 1 1292
999999999 1 1293
999999999 1 1294
999999999 1 1295
999999999 1 1296
999999999 1 1297
999999999 1 1298
999999999 1 1299
999999999 1 1300
999999999 1 1301
999999999 1 1302
999999999 1 1303
999999999 1 1304
999999999 1 1305
999999999 1 1306
999999999 1 1307
999999999 1 1308
999999999 1 1309
999999999 1 1310
999999999 1 1311
999999999 1 1312
999999999 1 1313
999999999 1 1314
999999999 1 1315
999999999 1 1316
999999999 1 1317
999999999 1 1318
999999999 1 1319
999999999 1 1320
999999999 1 1321
999999999 1 1322
999999999 1 1323
999999999 1 1324
999999999 1 1325
999999999 1 1326
999999999 1 1327
999999999 1 1328
999999999 1 1329
999999999 1 1330
999999999 1 1331
999999999 1 1332
999999999 1 1333
999999999 1 1334
999999999 1 1335
999999999 1 1336
999999999 1 1337
999999999 1 1338
999999999 1 1339
999999999 1 1340
999999999 1 1341
999999999 1 1342
999999999 1 1343
999999999 1 1344
999999999 1 1345
999999999 1 1346
999999999 1 1347
999999999 1 1348
999999999 1 1349
999999999 1 1350
999999999 1 1351
999999999 1 1352
999999999 1 1353
999999999 1 1354
999999999 1 1355
999999999 1 1356
999999999 1 1357
999999999 1 1358
999999999 1 1359
999999999 1 1360
999999999 1 1361
999999999 1 1362
999999999 1 1363
999999999 1 1364
999999999 1 1365
999999999 1 1366
999999999 1 1367
999999999 1 1368
999999999 1 1369
999999999 1 1370
999999999 1 1371
999999999 1 1372
999999999 1 1373
999999999 1 1374
999999999 1 1375
999999999 1 1376
999999999 1 1377
999999999 1 1378
999999999 1 1379
999999999 1 1380
999999999 1 1381
999999999 1 1382
999999999 1 1383
999999999 1 1384
999999999 1 1385
999999999 1 1386
999999999 1 1387
999999999 1 1388
999999999 1 1389
999999999 1 1390
999999999 1 1391
999999999 1 1392
999999999 1 1393
999999999 1 1394
999999999 1 1395
999999999 1 1396
999999999 1 1397
999999999 1 1398
999999999 1 1399
999999999 1 1400
999999999 1 1401
999999999 1 1402
999999999 1 1403
999999999 1 1404
999999999 1 1405
999999999 1 1406
999999999 1 1407
999999999 1 1408
999999999 1 1409
999999999 1 1410
999999999 1 1411
999999999 1 1412
999999999 1 1413
999999999 1 1414
999999999 1 1415
999999999 1 1416
999999999 1 1417
999999999 1 1418
999999999 1 1419
999999999 1 1420
999999999 1 1421
999999999 1 1422
999999999 1 1423
999999999 1 1424
999999999 1 1425
999999999 1 1426
999999999 1 1427
999999999 1 1428
999999999 1 1429
999999999 1 1430
999999999 1 1431
999999999 1 1432
999999999 1 1433
999999999 1 1434
999999999 1 1435
999999999 1 1436
999999999 1 1437
999999999 1 1438
999999999 1 1439
999999999 1 1440
999999999 1 1441
999999999 1 1442
999999999 1 1443
999999999 1 1444
999999999 1 1445
999999999 1 1446
999999999 1 1447
999999999 1 1448
999999999 1 1449
999999999 1 1450
999999999 1 1451
999999999 1 1452
999999999 1 1453
999999999 1 1454
999999999 1 1455
999999999 1 1456
999999999 1 1457
999999999 1 1458
999999999 1 1459
999999999 1 1460
999999999 1 1461
999999999 1 1462
999999999 1 1463
999999999 1 1464
999999999 1 1465
999999999 1 1466
999999999 1 1467
999999999 1 1468
999999999 1 1469
999999999 1 1470
999999999 1 1471
999999999 1 1472
999999999 1 1473
999999999 1 1474
999999999 1 1475
999999999 1 1476
999999999 1 1477
999999999 1 1478
999999999 1 1479
999999999 1 1480
999999999 1 1481
999999999 1 1482
999999999 1 1483
999999999 1 1484
999999999 1 1485
999999999 1 1486
999999999 1 1487
999999999 1 1488
999999999 1 1489
999999999 1 1490
999999999 1 1491
999999999 1 1492
999999999 1 1493
999999999 1 1494
999999999 1 1495
999999999 1 1496
999999999 1 1497
999999999 1 1498
999999999 1 1499
999999999 1 1500
999999999 1 1501
999999999 1 1502
999999999 1 1503
999999999 1 1504
999999999 1 1505
999999999 1 1506
999999999 1 1507
999999999 1 1508
999999999 1 1509
999999999 1 1510
999999999 1 1511
999999999 1 1512
999999999 1 1513
999999999 1 1514
999999999 1 1515
999999999 1 1516
999999999 1 1517
999999999 1 1518
999999999 1 1519
999999999 1 1520
999999999 1 1521
999999999 1 1522
999999999 1 1523
999999999 1 1524
999999999 1 1525
999999999 1 1526
999999999 1 1527
999999999 1 1528
999999999 1 1529
999999999 1 1530
999999999 1 1531
999999999 1 1532
999999999 1 1533
999999999 1 1534
999999999 1 1535
999999999 1 1536
999999999 1 1537
999999999 1 1538
999999999 1 1539
999999999 1 1540
999999999 1 1541
999999999 1 1542
999999999 1 1543
999999999 1 1544
999999999 1 1545
999999999 1 1546
999999999 1 1547
999999999 1 1548
999999999 1 1549
999999999 1 1550
999999999 1 1551
999999999 1 1552
999999999 1 1553
999999999 1 1554
999999999 1 1555
999999999 1 1556
999999999 1 1557
999999999 1 1558
999999999 1 1559
999999999 1 1560
999999999 1 1561
999999999 1 1562
999999999 1 1563
999999999 1 1564
999999999 1 1565
999999999 1 1566
999999999 1 1567
999999999 1 1568
999999999 1 1569
999999999 1 1570
999999999 1 1571
999999999 1 1572
999999999 1 1573
999999999 1 1574
999999999 1 1575
999999999 1 1576
999999999 1 1577
999999999 1 1578
999999999 1 1579
999999999 1 1580
999999999 1 1581
999999999 1 1582
999999999 1 1583
999999999 1 1584
999999999 1 1585
999999999 1 1586
999999999 1 1587
999999999 1 1588
999999999 1 1589
999999999 1 1590
999999999 1 1591
999999999 1 1592
999999999 1 1593
999999999 1 1594
999999999 1 1595
999999999 1 1596
999999999 1 1597
999999999 1 1598
999999999 1 1599
999999999 1 1600
999999999 1 1601
999999999 1 1602
999999999 1 1603
999999999 1 1604
999999999 1 1605
999999999 1 1606
999999999 1 1607
999999999 1 1608
999999999 1 1609
999999999 1 1610
999999999 1 1611
999999999 1 1612
999999999 1 1613
999999999 1 1614
999999999 1 1615
999999999 1 1616
999999999 1 1617
999999999 1 1618
999999999 1 1619
999999999 1 1620
999999999 1 1621
999999999 1 1622
999999999 1 1623
999999999 1 1624
999999999 1 1625
999999999 1 1626
999999999 1 1627
999999999 1 1628
999999999 1 1629
999999999 1 1630
999999999 1 1631
999999999 1 1632
999999999 1 1633
999999999 1 1634
999999999 1 1635
999999999 1 1636
999999999 1 1637
999999999 1 1638
999999999 1 1639
999999999 1 1640
999999999 1 1641
999999999 1 1642
999999999 1 1643
999999999 1 1644
999999999 1 1645
999999999 1 1646
999999999 1 1647
999999999 1 1648
999999999 1 1649
999999999 1 1650
999999999 1 1651
999999999 1 1652
999999999 1 1653
999999999 1 1654
999999999 1 1655
999999999 1 1656
999999999 1 1657
999999999 1 1658
999999999 1 1659
999999999 1 1660
999999999 1 1661
999999999 1 1662
999999999 1 1663
999999999 1 1664
999999999 1 1665
999999999 1 1666
999999999 1 1667
999999999 1 1668
999999999 1 1669
999999999 1 1670
999999999 1 1671
999999999 1 1672
999999999 1 1673
999999999 1 1674
999999999 1 1675
999999999 1 1676
999999999 1 1677
999999999 1 1678
999999999 1 1679
999999999 1 1680
999999999 1 1681
999999999 1 1682
999999999 1 1683
999999999 1 1684
999999999 1 1685
999999999 1 1686
999999999 1 1687
999999999 1 1688
999999999 1 1689
999999999 1 1690
999999999 1 1691
999999999 1 1692
999999999 1 1693
999999999 1 1694
999999999 1 1695
999999999 1 1696
999999999 1 1697
999999999 1 1698
999999999 1 1699
999999999 1 1700
999999999 1 1701
999999999 1 1702
999999999 1 1703
999999999 1 1704
999999999 1 1705
999999999 1 1706
999999999 1 1707
999999999 1 1708
999999999 1 1709
999999999 1 1710
999999999 1 1711
999999999 1 1712
999999999 1 1713
999999999 1 1714
999999999 1 1715
999999999 1 1716
999999999 1 1717
999999999 1 1718
999999999 1 1719
999999999 1 1720
999999999 1 1721
999999999 1 1722
999999999 1 1723
999999999 1 1724
999999999 1 1725
999999999 1 1726
999999999 1 1727
999999999 1 1728
999999999 1 1729
999999999 1 1730
999999999 1 1731
999999999 1 1732
999999999 1 1733
999999999 1 1734
999999999 1 1735
999999999 1 1736
999999999 1 1737
999999999 1 1738
999999999 1 1739
999999999 1 1740
999999999 1 1741
999999999 1 1742
999999999 1 1743
999999999 1 1744
999999999 1 1745
999999999 1 1746
999999999 1 1747
999999999 1 1748
999999999 1 1749
999999999 1 1750
999999999 1 1751
999999999 1 1752
999999999 1 1753
999999999 1 1754
999999999 1 1755
999999999 1 1756
999999999 1 1757
999999999 1 1758
999999999 1 1759
999999999 1 1760
999999999 1 1761
999999999 1 1762
999999999 1 1763
999999999 1 1764
999999999 1 1765
999999999 1 1766
999999999 1 1767
999999999 1 1768
999999999 1 1769
999999999 1 1770
999999999 1 1771
999999999 1 1772
999999999 1 1773
999999999 1 1774
999999999 1 1775
999999999 1 1776
999999999 1 1777
999999999 1 1778
999999999 1 1779
999999999 1 1780
999999999 1 1781
999999999 1 1782
999999999 1 1783
999999999 1 1784
999999999 1 1785
999999999 1 1786
999999999 1 1787
999999999 1 1788
999999999 1 1789
999999999 1 1790
999999999 1 1791
999999999 1 1792
999999999 1 1793
999999999 1 1794
999999999 1 1795
999999999 1 1796
999999999 1 1797
999999999 1 1798
999999999 1 1799
999999999 1 1800
999999999 1 1801
999999999 1 1802
999999999 1 1803
999999999 1 1804
999999999 1 1805
999999999 1 1806
999999999 1 1807
999999999 1 1808
999999999 1 1809
999999999 1 1810
999999999 1 1811
999999999 1 1812
999999999 1 1813
999999999 1 1814
999999999 1 1815
999999999 1 1816
999999999 1 1817
999999999 1 1818
999999999 1 1819
999999999 1 1820
999999999 1 1821
999999999 1 1822
999999999 1 1823
999999999 1 1824
999999999 1 1825
999999999 1 1826
999999999 1 1827
999999999 1 1828
999999999 1 1829
999999999 1 1830
999999999 1 1831
999999999 1 1832
999999999 1 1833
999999999 1 1834
999999999 1 1835
999999999 1 1836
999999999 1 1837
999999999 1 1838
999999999 1 1839
999999999 1 1840
999999999 1 1841
999999999 1 1842
999999999 1 1843
999999999 1 1844
999999999 1 1845
999999999 1 1846
999999999 1 1847
999999999 1 1848
999999999 1 1849
999999999 1 1850
999999999 1 1851
999999999 1 1852
999999999 1 1853
999999999 1 1854
999999999 1 1855
999999999 1 1856
999999999 1 1857
999999999 1 1858
999999999 1 1859
999999999 1 1860
999999999 1 1861
999999999 1 1862
999999999 1 1863
999999999 1 1864
999999999 1 1865
999999999 1 1866
999999999 1 1867
999999999 1 1868
999999999 1 1869
999999999 1 1870
999999999 1 1871
999999999 1 1872
999999999 1 1873
999999999 1 1874
999999999 1 1875
999999999 1 1876
999999999 1 1877
999999999 1 1878
999999999 1 1879
999999999 1 1880
999999999 1 1881
999999999 1 1882
999999999 1 1883
999999999 1 1884
999999999 1 1885
999999999 1 1886
999999999 1 1887
999999999 1 1888
999999999 1 1889
999999999 1 1890
999999999 1 1891
999999999 1 1892
999999999 1 1893
999999999 1 1894
999999999 1 1895
999999999 1 1896
999999999 1 1897
999999999 1 1898
999999999 1 1899
999999999 1 1900
999999999 1 1901
999999999 1 1902
999999999 1 1903
999999999 1 1904
999999999 1 1905
999999999 1 1906
999999999 1 1907
999999999 1 1908
999999999 1 1909
999999999 1 1910
999999999 1 1911
999999999 1 1912
999999999 1 1913
999999999 1 1914
999999999 1 1915
999999999 1 1916
999999999 1 1917
999999999 1 1918
999999999 1 1919
999999999 1 1920
999999999 1 1921
999999999 1 1922
999999999 1 1923
999999999 1 1924
999999999 1 1925
999999999 1 1926
999999999 1 1927
999999999 1 1928
999999999 1 1929
999999999 1 1930
999999999 1 1931
999999999 1 1932
999999999 1 1933
999999999 1 1934
999999999 1 1935
999999999 1 1936
999999999 1 1937
999999999 1 1938
999999999 1 1939
999999999 1 1940
999999999 1 1941
999999999 1 1942
999999999 1 1943
999999999 1 1944
999999999 1 1945
999999999 1 1946
999999999 1 1947
999999999 1 1948
999999999 1 1949
999999999 1 1950
999999999 1 1951
999999999 1 1952
999999999 1 1953
999999999 1 1954
999999999 1 1955
999999999 1 1956
999999999 1 1957
999999999 1 1958
999999999 1 1959
999999999 1 1960
999999999 1 1961
999999999 1 1962
999999999 1 1963
999999999 1 1964
999999999 1 1965
999999999 1 1966
999999999 1 1967
999999999 1 1968
999999999 1 1969
999999999 1 1970
999999999 1 1971
999999999 1 1972
999999999 1 1973
999999999 1 1974
999999999 1 1975
999999999 1 1976
999999999 1 1977
999999999 1 1978
999999999 1 1979
999999999 1 1980
999999999 1 1981
999999999 1 1982
999999999 1 1983
999999999 1 1984
999999999 1 1985
999999999 1 1986
999999999 1 1987
999999999 1 1988
999999999 1 1989
999999999 1 1990
999999999 1 1991
999999999 1 1992
999999999 1 1993
999999999 1 1994
999999999 1 1995
999999999 1 1996
999999999 1 1997
999999999 1 1998
999999999 1 1999
999999999 1 2000
999999999 1 2001
999999999 1 2002
999999999 1 2003
999999999 1 2004
999999999 1 2005
999999999 1 2006
999999999 1 2007
999999999 1 2008
999999999 1 2009
999999999 1 2010
999999999 1 2011
999999999 1 2012
999999999 1 2013
999999999 1 2014
999999999 1 2015
999999999 1 2016
999999999 1 2017
999999999 1 2018
999999999 1 2019
999999999 1 2020
999999999 1 2021
999999999 1 2022
999999999 1 2023
999999999 1 2024
999999999 1 2025
999999999 1 2026
999999999 1 2027
999999999 1 2028
999999999 1 2029
999999999 1 2030
999999999 1 2031
999999999 1 2032
999999999 1 2033
999999999 1 2034
999999999 1 2035
999999999 1 2036
999999999 1 2037
999999999 1 2038
999999999 1 2039
999999999 1 2040
999999999 1 2041
999999999 1 2042
999999999 1 2043
999999999 1 2044
999999999 1 2045
999999999 1 2046
999999999 1 2047
999999999 1 2048
999999999 1 2049
999999999 1 2050
999999999 1 2051
999999999 1 2052
999999999 1 2053
999999999 1 2054
999999999 1 2055
999999999 1 2056
999999999 1 2057
999999999 1 2058
999999999 1 2059
999999999 1 2060
999999999 1 2061
999999999 1 2062
999999999 1 2063
999999999 1 2064
999999999 1 2065
999999999 1 2066
999999999 1 2067
999999999 1 2068
999999999 1 2069
999999999 1 2070
999999999 1 2071
999999999 1 2072
999999999 1 2073
999999999 1 2074
999999999 1 2075
999999999 1 2076
999999999 1 2077
999999999 1 2078
999999999 1 2079
999999999 1 2080
999999999 1 2081
999999999 1 2082
999999999 1 2083
999999999 1 2084
999999999 1 2085
999999999 1 2086
999999999 1 2087
999999999 1 2088
999999999 1 2089
999999999 1 2090
999999999 1 2091
999999999 1 2092
999999999 1 2093
999999999 1 2094
999999999 1 2095
999999999 1 2096
999999999 1 2097
999999999 1 2098
999999999 1 2099
999999999 1 2100
999999999 1 2101
999999999 1 2102
999999999 1 2103
999999999 1 2104
999999999 1 2105
999999999 1 2106
999999999 1 2107
999999999 1 2108
999999999 1 2109
999999999 1 2110
999999999 1 2111
999999999 1 2112
999999999 1 2113
999999999 1 2114
999999999 1 2115
999999999 1 2116
999999999 1 2117
999999999 1 2118
999999999 1 2119
999999999 1 2120
999999999 1 2121
999999999 1 2122
999999999 1 2123
999999999 1 2124
999999999 1 2125
999999999 1 2126
999999999 1 2127
999999999 1 2128
999999999 1 2129
999999999 1 2130
999999999 1 2131
999999999 1 2132
999999999 1 2133
999999999 1 2134
999999999 1 2135
999999999 1 2136
999999999 1 2137
999999999 1 2138
999999999 1 2139
999999999 1 2140
999999999 1 2141
999999999 1 2142
999999999 1 2143
999999999 1 2144
999999999 1 2145
999999999 1 2146
999999999 1 2147
999999999 1 2148
999999999 1 2149
999999999 1 2150
999999999 1 2151
999999999 1 2152
999999999 1 2153
999999999 1 2154
999999999 1 2155
999999999 1 2156
999999999 1 2157
999999999 1 2158
999999999 1 2159
999999999 1 2160
999999999 1 2161
999999999 1 2162
999999999 1 2163
999999999 1 2164
999999999 1 2165
999999999 1 2166
999999999 1 2167
999999999 1 2168
999999999 1 2169
999999999 1 2170
999999999 1 2171
999999999 1 2172
999999999 1 2173
999999999 1 2174
999999999 1 2175
999999999 1 2176
999999999 1 2177
999999999 1 2178
999999999 1 2179
999999999 1 2180
999999999 1 2181
999999999 1 2182
999999999 1 2183
999999999 1 2184
999999999 1 2185
999999999 1 2186
999999999 1 2187
999999999 1 2188
999999999 1 2189
999999999 1 2190
999999999 1 2191
999999999 1 2192
999999999 1 2193
999999999 1 2194
999999999 1 2195
999999999 1 2196
999999999 1 2197
999999999 1 2198
999999999 1 2199
999999999 1 2200
999999999 1 2201
999999999 1 2202
999999999 1 2203
999999999 1 2204
999999999 1 2205
999999999 1 2206
999999999 1 2207
999999999 1 2208
999999999 1 2209
999999999 1 2210
999999999 1 2211
999999999 1 2212
999999999 1 2213
999999999 1 2214
999999999 1 2215
999999999 1 2216
999999999 1 2217
999999999 1 2218
999999999 1 2219
999999999 1 2220
999999999 1 2221
999999999 1 2222
999999999 1 2223
999999999 1 2224
999999999 1 2225
999999999 1 2226
999999999 1 2227
999999999 1 2228
999999999 1 2229
999999999 1 2230
999999999 1 2231
999999999 1 2232
999999999 1 2233
999999999 1 2234
999999999 1 2235
999999999 1 2236
999999999 1 2237
999999999 1 2238
999999999 1 2239
999999999 1 2240
999999999 1 2241
999999999 1 2242
999999999 1 2243
999999999 1 2244
999999999 1 2245
999999999 1 2246
999999999 1 2247
999999999 1 2248
999999999 1 2249
999999999 1 2250
999999999 1 2251
999999999 1 2252
999999999 1 2253
999999999 1 2254
999999999 1 2255
999999999 1 2256
999999999 1 2257
999999999 1 2258
999999999 1 2259
999999999 1 2260
999999999 1 2261
999999999 1 2262
999999999 1 2263
999999999 1 2264
999999999 1 2265
999999999 1 2266
999999999 1 2267
999999999 1 2268
999999999 1 2269
999999999 1 2270
999999999 1 2271
999999999 1 2272
999999999 1 2273
999999999 1 2274
999999999 1 2275
999999999 1 2276
999999999 1 2277
999999999 1 2278
999999999 1 2279
999999999 1 2280
999999999 1 2281
999999999 1 2282
999999999 1 2283
999999999 1 2284
999999999 1 2285
999999999 1 2286
999999999 1 2287
999999999 1 2288
999999999 1 2289
999999999 1 2290
999999999 1 2291
999999999 1 2292
999999999 1 2293
999999999 1 2294
999999999 1 2295
999999999 1 2296
999999999 1 2297
999999999 1 2298
999999999 1 2299
999999999 1 2300
999999999 1 2301
999999999 1 2302
999999999 1 2303
999999999 1 2304
999999999 1 2305
999999999 1 2306
999999999 1 2307
999999999 1 2308
999999999 1 2309
999999999 1 2310
999999999 1 2311
999999999 1 2312
999999999 1 2313
999999999 1 2314
999999999 1 2315
999999999 1 2316
999999999 1 2317
999999999 1 2318
999999999 1 2319
999999999 1 2320
999999999 1 2321
999999999 1 2322
999999999 1 2323
999999999 1 2324
999999999 1 2325
999999999 1 2326
999999999 1 2327
999999999 1 2328
999999999 1 2329
999999999 1 2330
999999999 1 2331
999999999 1 2332
999999999 1 2333
999999999 1 2334
999999999 1 2335
999999999 1 2336
999999999 1 2337
999999999 1 2338
999999999 1 2339
999999999 1 2340
999999999 1 2341
999999999 1 2342
999999999 1 2343
999999999 1 2344
999999999 1 2345
999999999 1 2346
999999999 1 2347
999999999 1 2348
999999999 1 2349
999999999 1 2350
999999999 1 2351
999999999 1 2352
999999999 1 2353
999999999 1 2354
999999999 1 2355
999999999 1 2356
999999999 1 2357
999999999 1 2358
999999999 1 2359
999999999 1 2360
999999999 1 2361
999999999 1 2362
999999999 1 2363
999999999 1 2364
999999999 1 2365
999999999 1 2366
999999999 1 2367
999999999 1 2368
999999999 1 2369
999999999 1 2370
999999999 1 2371
999999999 1 2372
999999999 1 2373
999999999 1 2374
999999999 1 2375
999999999 1 2376
999999999 1 2377
999999999 1 2378
999999999 1 2379
999999999 1 2380
999999999 1 2381
999999999 1 2382
999999999 1 2383
999999999 1 2384
999999999 1 2385
999999999 1 2386
999999999 1 2387
999999999 1 2388
999999999 1 2389
999999999 1 2390
999999999 1 2391
999999999 1 2392
999999999 1 2393
999999999 1 2394
999999999 1 2395
999999999 1 2396
999999999 1 2397
999999999 1 2398
999999999 1 2399
999999999 1 2400
999999999 1 2401
999999999 1 2402
999999999 1 2403
999999999 1 2404
999999999 1 2405
999999999 1 2406
999999999 1 2407
999999999 1 2408
999999999 1 2409
999999999 1 2410
999999999 1 2411
999999999 1 2412
999999999 1 2413
999999999 1 2414
999999999 1 2415
999999999 1 2416
999999999 1 2417
999999999 1 2418
999999999 1 2419
999999999 1 2420
999999999 1 2421
999999999 1 2422
999999999 1 2423
999999999 1 2424
999999999 1 2425
999999999 1 2426
999999999 1 2427
999999999 1 2428
999999999 1 2429
999999999 1 2430
999999999 1 2431
999999999 1 2432
999999999 1 2433
999999999 1 2434
999999999 1 2435
999999999 1 2436
999999999 1 2437
999999999 1 2438
999999999 1 2439
999999999 1 2440
999999999 1 2441
999999999 1 2442
999999999 1 2443
999999999 1 2444
999999999 1 2445
999999999 1 2446
999999999 1 2447
999999999 1 2448
999999999 1 2449
999999999 1 2450
999999999 1 2451
999999999 1 2452
999999999 1 2453
999999999 1 2454
999999999 1 2455
999999999 1 2456
999999999 1 2457
999999999 1 2458
999999999 1 2459
999999999 1 2460
999999999 1 2461
999999999 1 2462
999999999 1 2463
999999999 1 2464
999999999 1 2465
999999999 1 2466
999999999 1 2467
999999999 1 2468
999999999 1 2469
999999999 1 2470
999999999 1 2471
999999999 1 2472
999999999 1 2473
999999999 1 2474
999999999 1 2475
999999999 1 2476
999999999 1 2477
999999999 1 2478
999999999 1 2479
999999999 1 2480
999999999 1 2481
999999999 1 2482
999999999 1 2483
999999999 1 2484
999999999 1 2485
999999999 1 2486
999999999 1 2487
999999999 1 2488
999999999 1 2489
999999999 1 2490
999999999 1 2491
999999999 1 2492
999999999 1 2493
999999999 1 2494
999999999 1 2495
999999999 1 2496
999999999 1 2497
999999999 1 2498
999999999 1 2499
999999999 1 2500
1000000000 1 2501
1000000000 1 2502
1000000000 1 2503
1000000000 1 2504
1000000000 1 2505
1000000000 1 2506
1000000000 1 2507
1000000000 1 2508
1000000000 1 2509
1000000000 1 2510
1000000000 1 2511
1000000000 1 2512
1000000000 1 2513
1000000000 1 2514
1000000000 1 2515
1000000000 1 2516
1000000000 1 2517
1000000000 1 2518
1000000000 1 2519
1000000000 1 2520
1000000000 1 2521
1000000000 1 2522
1000000000 1 2523
1000000000 1 2524
1000000000 1 2525
1000000000 1 2526
1000000000 1 2527
1000000000 1 2528
1000000000 1 2529
1000000000 1 2530
1000000000 1 2531
1000000000 1 2532
1000000000 1 2533
1000000000 1 2534
1000000000 1 2535
1000000000 1 2536
1000000000 1 2537
1000000000 1 2538
1000000000 1 2539
1000000000 1 2540
1000000000 1 2541
1000000000 1 2542
1000000000 1 2543
1000000000 1 2544
1000000000 1 2545
1000000000 1 2546
1000000000 1 2547
1000000000 1 2548
1000000000 1 2549
1000000000 1 2550
1000000000 1 2551
1000000000 1 2552
1000000000 1 2553
1000000000 1 2554
1000000000 1 2555
1000000000 1 2556
1000000000 1 2557
1000000000 1 2558
1000000000 1 2559
1000000000 1 2560
1000000000 1 2561
1000000000 1 2562
1000000000 1 2563
1000000000 1 2564
1000000000 1 2565
1000000000 1 2566
1000000000 1 2567
1000000000 1 2568
1000000000 1 2569
1000000000 1 2570
1000000000 1 2571
1000000000 1 2572
1000000000 1 2573
1000000000 1 2574
1000000000 1 2575
1000000000 1 2576
1000000000 1 2577
1000000000 1 2578
1000000000 1 2579
1000000000 1 2580
1000000000 1 2581
1000000000 1 2582
1000000000 1 2583
1000000000 1 2584
1000000000 1 2585
1000000000 1 2586
1000000000 1 2587
1000000000 1 2588
1000000000 1 2589
1000000000 1 2590
1000000000 1 2591
1000000000 1 2592
1000000000 1 2593
1000000000 1 2594
1000000000 1 2595
1000000000 1 2596
1000000000 1 2597
1000000000 1 2598
1000000000 1 2599
1000000000 1 2600
1000000000 1 2601
1000000000 1 2602
1000000000 1 2603
1000000000 1 2604
1000000000 1 2605
1000000000 1 2606
1000000000 1 2607
1000000000 1 2608
1000000000 1 2609
1000000000 1 2610
1000000000 1 2611
1000000000 1 2612
1000000000 1 2613
1000000000 1 2614
1000000000 1 2615
1000000000 1 2616
1000000000 1 2617
1000000000 1 2618
1000000000 1 2619
1000000000 1 2620
1000000000 1 2621
1000000000 1 2622
1000000000 1 2623
1000000000 1 2624
1000000000 1 2625
1000000000 1 2626
1000000000 1 2627
1000000000 1 2628
1000000000 1 2629
1000000000 1 2630
1000000000 1 2631
1000000000 1 2632
1000000000 1 2633
1000000000 1 2634
1000000000 1 2635
1000000000 1 2636
1000000000 1 2637
1000000000 1 2638
1000000000 1 2639
1000000000 1 2640
1000000000 1 2641
1000000000 1 2642
1000000000 1 2643
1000000000 1 2644
1000000000 1 2645
1000000000 1 2646
1000000000 1 2647
1000000000 1 2648
1000000000 1 2649
1000000000 1 2650
1000000000 1 2651
1000000000 1 2652
1000000000 1 2653
1000000000 1 2654
1000000000 1 2655
1000000000 1 2656
1000000000 1 2657
1000000000 1 2658
1000000000 1 2659
1000000000 1 2660
1000000000 1 2661
1000000000 1 2662
1000000000 1 2663
1000000000 1 2664
1000000000 1 2665
1000000000 1 2666
1000000000 1 2667
1000000000 1 2668
1000000000 1 2669
1000000000 1 2670
1000000000 1 2671
1000000000 1 2672
1000000000 1 2673
1000000000 1 2674
1000000000 1 2675
1000000000 1 2676
1000000000 1 2677
1000000000 1 2678
1000000000 1 2679
1000000000 1 2680
1000000000 1 2681
1000000000 1 2682
1000000000 1 2683
1000000000 1 2684
1000000000 1 2685
1000000000 1 2686
1000000000 1 2687
1000000000 1 2688
1000000000 1 2689
1000000000 1 2690
1000000000 1 2691
1000000000 1 2692
1000000000 1 2693
1000000000 1 2694
1000000000 1 2695
1000000000 1 2696
1000000000 1 2697
1000000000 1 2698
1000000000 1 2699
1000000000 1 2700
1000000000 1 2701
1000000000 1 2702
1000000000 1 2703
1000000000 1 2704
1000000000 1 2705
1000000000 1 2706
1000000000 1 2707
1000000000 1 2708
1000000000 1 2709
1000000000 1 2710
1000000000 1 2711
1000000000 1 2712
1000000000 1 2713
1000000000 1 2714
1000000000 1 2715
1000000000 1 2716
1000000000 1 2717
1000000000 1 2718
1000000000 1 2719
1000000000 1 2720
1000000000 1 2721
1000000000 1 2722
1000000000 1 2723
1000000000 1 2724
1000000000 1 2725
1000000000 1 2726
1000000000 1 2727
1000000000 1 2728
1000000000 1 2729
1000000000 1 2730
1000000000 1 2731
1000000000 1 2732
1000000000 1 2733
1000000000 1 2734
1000000000 1 2735
1000000000 1 2736
1000000000 1 2737
1000000000 1 2738
1000000000 1 2739
1000000000 1 2740
1000000000 1 2741
1000000000 1 2742
1000000000 1 2743
1000000000 1 2744
1000000000 1 2745
1000000000 1 2746
1000000000 1 2747
1000000000 1 2748
1000000000 1 2749
1000000000 1 2750
1000000000 1 2751
1000000000 1 2752
1000000000 1 2753
1000000000 1 2754
1000000000 1 2755
1000000000 1 2756
1000000000 1 2757
1000000000 1 2758
1000000000 1 2759
1000000000 1 2760
1000000000 1 2761
1000000000 1 2762
1000000000 1 2763
1000000000 1 2764
1000000000 1 2765
1000000000 1 2766
1000000000 1 2767
1000000000 1 2768
1000000000 1 2769
1000000000 1 2770
1000000000 1 2771
1000000000 1 2772
1000000000 1 2773
1000000000 1 2774
1000000000 1 2775
1000000000 1 2776
1000000000 1 2777
1000000000 1 2778
1000000000 1 2779
1000000000 1 2780
1000000000 1 2781
1000000000 1 2782
1000000000 1 2783
1000000000 1 2784
1000000000 1 2785
1000000000 1 2786
1000000000 1 2787
1000000000 1 2788
1000000000 1 2789
1000000000 1 2790
1000000000 1 2791
1000000000 1 2792
1000000000 1 2793
1000000000 1 2794
1000000000 1 2795
1000000000 1 2796
1000000000 1 2797
1000000000 1 2798
1000000000 1 2799
1000000000 1 2800
1000000000 1 2801
1000000000 1 2802
1000000000 1 2803
1000000000 1 2804
1000000000 1 2805
1000000000 1 2806
1000000000 1 2807
1000000000 1 2808
1000000000 1 2809
1000000000 1 2810
1000000000 1 2811
1000000000 1 2812
1000000000 1 2813
1000000000 1 2814
1000000000 1 2815
1000000000 1 2816
1000000000 1 2817
1000000000 1 2818
1000000000 1 2819
1000000000 1 2820
1000000000 1 2821
1000000000 1 2822
1000000000 1 2823
1000000000 1 2824
1000000000 1 2825
1000000000 1 2826
1000000000 1 2827
1000000000 1 2828
1000000000 1 2829
1000000000 1 2830
1000000000 1 2831
1000000000 1 2832
1000000000 1 2833
1000000000 1 2834
1000000000 1 2835
1000000000 1 2836
1000000000 1 2837
1000000000 1 2838
1000000000 1 2839
1000000000 1 2840
1000000000 1 2841
1000000000 1 2842
1000000000 1 2843
1000000000 1 2844
1000000000 1 2845
1000000000 1 2846
1000000000 1 2847
1000000000 1 2848
1000000000 1 2849
1000000000 1 2850
1000000000 1 2851
1000000000 1 2852
1000000000 1 2853
1000000000 1 2854
1000000000 1 2855
1000000000 1 2856
1000000000 1 2857
1000000000 1 2858
1000000000 1 2859
1000000000 1 2860
1000000000 1 2861
1000000000 1 2862
1000000000 1 2863
1000000000 1 2864
1000000000 1 2865
1000000000 1 2866
1000000000 1 2867
1000000000 1 2868
1000000000 1 2869
1000000000 1 2870
1000000000 1 2871
1000000000 1 2872
1000000000 1 2873
1000000000 1 2874
1000000000 1 2875
1000000000 1 2876
1000000000 1 2877
1000000000 1 2878
1000000000 1 2879
1000000000 1 2880
1000000000 1 2881
1000000000 1 2882
1000000000 1 2883
1000000000 1 2884
1000000000 1 2885
1000000000 1 2886
1000000000 1 2887
1000000000 1 2888
1000000000 1 2889
1000000000 1 2890
1000000000 1 2891
1000000000 1 2892
1000000000 1 2893
1000000000 1 2894
1000000000 1 2895
1000000000 1 2896
1000000000 1 2897
1000000000 1 2898
1000000000 1 2899
1000000000 1 2900
1000000000 1 2901
1000000000 1 2902
1000000000 1 2903
1000000000 1 2904
1000000000 1 2905
1000000000 1 2906
1000000000 1 2907
1000000000 1 2908
1000000000 1 2909
1000000000 1 2910
1000000000 1 2911
1000000000 1 2912
1000000000 1 2913
1000000000 1 2914
1000000000 1 2915
1000000000 1 2916
1000000000 1 2917
1000000000 1 2918
1000000000 1 2919
1000000000 1 2920
1000000000 1 2921
1000000000 1 2922
1000000000 1 2923
1000000000 1 2924
1000000000 1 2925
1000000000 1 2926
1000000000 1 2927
1000000000 1 2928
1000000000 1 2929
1000000000 1 2930
1000000000 1 2931
1000000000 1 2932
1000000000 1 2933
1000000000 1 2934
1000000000 1 2935
1000000000 1 2936
1000000000 1 2937
1000000000 1 2938
1000000000 1 2939
1000000000 1 2940
1000000000 1 2941
1000000000 1 2942
1000000000 1 2943
1000000000 1 2944
1000000000 1 2945
1000000000 1 2946
1000000000 1 2947
1000000000 1 2948
1000000000 1 2949
1000000000 1 2950
1000000000 1 2951
1000000000 1 2952
1000000000 1 2953
1000000000 1 2954
1000000000 1 2955
1000000000 1 2956
1000000000 1 2957
1000000000 1 2958
1000000000 1 2959
1000000000 1 2960
1000000000 1 2961
1000000000 1 2962
1000000000 1 2963
1000000000 1 2964
1000000000 1 2965
1000000000 1 2966
1000000000 1 2967
1000000000 1 2968
1000000000 1 2969
1000000000 1 2970
1000000000 1 2971
1000000000 1 2972
1000000000 1 2973
1000000000 1 2974
1000000000 1 2975
1000000000 1 2976
1000000000 1 2977
1000000000 1 2978
1000000000 1 2979
1000000000 1 2980
1000000000 1 2981
1000000000 1 2982
1000000000 1 2983
1000000000 1 2984
1000000000 1 2985
1000000000 1 2986
1000000000 1 2987
1000000000 1 2988
1000000000 1 2989
1000000000 1 2990
1000000000 1 2991
1000000000 1 2992
1000000000 1 2993
1000000000 1 2994
1000000000 1 2995
1000000000 1 2996
1000000000 1 2997
1000000000 1 2998
1000000000 1 2999
1000000000 1 3000
1000000000 1 3001
1000000000 1 3002
1000000000 1 3003
1000000000 1 3004
1000000000 1 3005
1000000000 1 3006
1000000000 1 3007
1000000000 1 3008
1000000000 1 3009
1000000000 1 3010
1000000000 1 3011
1000000000 1 3012
1000000000 1 3013
1000000000 1 3014
1000000000 1 3015
1000000000 1 3016
1000000000 1 3017
1000000000 1 3018
1000000000 1 3019
1000000000 1 3020
1000000000 1 3021
1000000000 1 3022
1000000000 1 3023
1000000000 1 3024
1000000000 1 3025
1000000000 1 3026
1000000000 1 3027
1000000000 1 3028
1000000000 1 3029
1000000000 1 3030
1000000000 1 3031
1000000000 1 3032
1000000000 1 3033
1000000000 1 3034
1000000000 1 3035
1000000000 1 3036
1000000000 1 3037
1000000000 1 3038
1000000000 1 3039
1000000000 1 3040
1000000000 1 3041
1000000000 1 3042
1000000000 1 3043
1000000000 1 3044
1000000000 1 3045
1000000000 1 3046
1000000000 1 3047
1000000000 1 3048
1000000000 1 3049
1000000000 1 3050
1000000000 1 3051
1000000000 1 3052
1000000000 1 3053
1000000000 1 3054
1000000000 1 3055
1000000000 1 3056
1000000000 1 3057
1000000000 1 3058
1000000000 1 3059
1000000000 1 3060
1000000000 1 3061
1000000000 1 3062
1000000000 1 3063
1000000000 1 3064
1000000000 1 3065
1000000000 1 3066
1000000000 1 3067
1000000000 1 3068
1000000000 1 3069
1000000000 1 3070
1000000000 1 3071
1000000000 1 3072
1000000000 1 3073
1000000000 1 3074
1000000000 1 3075
1000000000 1 3076
1000000000 1 3077
1000000000 1 3078
1000000000 1 3079
1000000000 1 3080
1000000000 1 3081
1000000000 1 3082
1000000000 1 3083
1000000000 1 3084
1000000000 1 3085
1000000000 1 3086
1000000000 1 3087
1000000000 1 3088
1000000000 1 3089
1000000000 1 3090
1000000000 1 3091
1000000000 1 3092
1000000000 1 3093
1000000000 1 3094
1000000000 1 3095
1000000000 1 3096
1000000000 1 3097
1000000000 1 3098
1000000000 1 3099
1000000000 1 3100
1000000000 1 3101
1000000000 1 3102
1000000000 1 3103
1000000000 1 3104
1000000000 1 3105
1000000000 1 3106
1000000000 1 3107
1000000000 1 3108
1000000000 1 3109
1000000000 1 3110
1000000000 1 3111
1000000000 1 3112
1000000000 1 3113
1000000000 1 3114
1000000000 1 3115
1000000000 1 3116
1000000000 1 3117
1000000000 1 3118
1000000000 1 3119
1000000000 1 3120
1000000000 1 3121
1000000000 1 3122
1000000000 1 3123
1000000000 1 3124
1000000000 1 3125
1000000000 1 3126
1000000000 1 3127
1000000000 1 3128
1000000000 1 3129
1000000000 1 3130
1000000000 1 3131
1000000000 1 3132
1000000000 1 3133
1000000000 1 3134
1000000000 1 3135
1000000000 1 3136
1000000000 1 3137
1000000000 1 3138
1000000000 1 3139
1000000000 1 3140
1000000000 1 3141
1000000000 1 3142
1000000000 1 3143
1000000000 1 3144
1000000000 1 3145
1000000000 1 3146
1000000000 1 3147
1000000000 1 3148
1000000000 1 3149
1000000000 1 3150
1000000000 1 3151
1000000000 1 3152
1000000000 1 3153
1000000000 1 3154
1000000000 1 3155
1000000000 1 3156
1000000000 1 3157
1000000000 1 3158
1000000000 1 3159
1000000000 1 3160
1000000000 1 3161
1000000000 1 3162
1000000000 1 3163
1000000000 1 3164
1000000000 1 3165
1000000000 1 3166
1000000000 1 3167
1000000000 1 3168
1000000000 1 3169
1000000000 1 3170
1000000000 1 3171
1000000000 1 3172
1000000000 1 3173
1000000000 1 3174
1000000000 1 3175
1000000000 1 3176
1000000000 1 3177
1000000000 1 3178
1000000000 1 3179
1000000000 1 3180
1000000000 1 3181
1000000000 1 3182
1000000000 1 3183
1000000000 1 3184
1000000000 1 3185
1000000000 1 3186
1000000000 1 3187
1000000000 1 3188
1000000000 1 3189
1000000000 1 3190
1000000000 1 3191
1000000000 1 3192
1000000000 1 3193
1000000000 1 3194
1000000000 1 3195
1000000000 1 3196
1000000000 1 3197
1000000000 1 3198
1000000000 1 3199
1000000000 1 3200
1000000000 1 3201
1000000000 1 3202
1000000000 1 3203
1000000000 1 3204
1000000000 1 3205
1000000000 1 3206
1000000000 1 3207
1000000000 1 3208
1000000000 1 3209
1000000000 1 3210
1000000000 1 3211
1000000000 1 3212
1000000000 1 3213
1000000000 1 3214
1000000000 1 3215
1000000000 1 3216
1000000000 1 3217
1000000000 1 3218
1000000000 1 3219
1000000000 1 3220
1000000000 1 3221
1000000000 1 3222
1000000000 1 3223
1000000000 1 3224
1000000000 1 3225
1000000000 1 3226
1000000000 1 3227
1000000000 1 3228
1000000000 1 3229
1000000000 1 3230
1000000000 1 3231
1000000000 1 3232
1000000000 1 3233
1000000000 1 3234
1000000000 1 3235
1000000000 1 3236
1000000000 1 3237
1000000000 1 3238
1000000000 1 3239
1000000000 1 3240
1000000000 1 3241
1000000000 1 3242
1000000000 1 3243
1000000000 1 3244
1000000000 1 3245
1000000000 1 3246
1000000000 1 3247
1000000000 1 3248
1000000000 1 3249
1000000000 1 3250
1000000000 1 3251
1000000000 1 3252
1000000000 1 3253
1000000000 1 3254
1000000000 1 3255
1000000000 1 3256
1000000000 1 3257
1000000000 1 3258
1000000000 1 3259
1000000000 1 3260
1000000000 1 3261
1000000000 1 3262
1000000000 1 3263
1000000000 1 3264
1000000000 1 3265
1000000000 1 3266
1000000000 1 3267
1000000000 1 3268
1000000000 1 3269
1000000000 1 3270
1000000000 1 3271
1000000000 1 3272
1000000000 1 3273
1000000000 1 3274
1000000000 1 3275
1000000000 1 3276
1000000000 1 3277
1000000000 1 3278
1000000000 1 3279
1000000000 1 3280
1000000000 1 3281
1000000000 1 3282
1000000000 1 3283
1000000000 1 3284
1000000000 1 3285
1000000000 1 3286
1000000000 1 3287
1000000000 1 3288
1000000000 1 3289
1000000000 1 3290
1000000000 1 3291
1000000000 1 3292
1000000000 1 3293
1000000000 1 3294
1000000000 1 3295
1000000000 1 3296
1000000000 1 3297
1000000000 1 3298
1000000000 1 3299
1000000000 1 3300
1000000000 1 3301
1000000000 1 3302
1000000000 1 3303
1000000000 1 3304
1000000000 1 3305
1000000000 1 3306
1000000000 1 3307
1000000000 1 3308
1000000000 1 3309
1000000000 1 3310
1000000000 1 3311
1000000000 1 3312
1000000000 1 3313
1000000000 1 3314
1000000000 1 3315
1000000000 1 3316
1000000000 1 3317
1000000000 1 3318
1000000000 1 3319
1000000000 1 3320
1000000000 1 3321
1000000000 1 3322
1000000000 1 3323
1000000000 1 3324
1000000000 1 3325
1000000000 1 3326
1000000000 1 3327
1000000000 1 3328
1000000000 1 3329
1000000000 1 3330
1000000000 1 3331
1000000000 1 3332
1000000000 1 3333
1000000000 1 3334
1000000000 1 3335
1000000000 1 3336
1000000000 1 3337
1000000000 1 3338
1000000000 1 3339
1000000000 1 3340
1000000000 1 3341
1000000000 1 3342
1000000000 1 3343
1000000000 1 3344
1000000000 1 3345
1000000000 1 3346
1000000000 1 3347
1000000000 1 3348
1000000000 1 3349
1000000000 1 3350
1000000000 1 3351
1000000000 1 3352
1000000000 1 3353
1000000000 1 3354
1000000000 1 3355
1000000000 1 3356
1000000000 1 3357
1000000000 1 3358
1000000000 1 3359
1000000000 1 3360
1000000000 1 3361
1000000000 1 3362
1000000000 1 3363
1000000000 1 3364
1000000000 1 3365
1000000000 1 3366
1000000000 1 3367
1000000000 1 3368
1000000000 1 3369
1000000000 1 3370
1000000000 1 3371
1000000000 1 3372
1000000000 1 3373
1000000000 1 3374
1000000000 1 3375
1000000000 1 3376
1000000000 1 3377
1000000000 1 3378
1000000000 1 3379
1000000000 1 3380
1000000000 1 3381
1000000000 1 3382
1000000000 1 3383
1000000000 1 3384
1000000000 1 3385
1000000000 1 3386
1000000000 1 3387
1000000000 1 3388
1000000000 1 3389
1000000000 1 3390
1000000000 1 3391
1000000000 1 3392
1000000000 1 3393
1000000000 1 3394
1000000000 1 3395
1000000000 1 3396
1000000000 1 3397
1000000000 1 3398
1000000000 1 3399
1000000000 1 3400
1000000000 1 3401
1000000000 1 3402
1000000000 1 3403
1000000000 1 3404
1000000000 1 3405
1000000000 1 3406
1000000000 1 3407
1000000000 1 3408
1000000000 1 3409
1000000000 1 3410
1000000000 1 3411
1000000000 1 3412
1000000000 1 3413
1000000000 1 3414
1000000000 1 3415
1000000000 1 3416
1000000000 1 3417
1000000000 1 3418
1000000000 1 3419
1000000000 1 3420
1000000000 1 3421
1000000000 1 3422
1000000000 1 3423
1000000000 1 3424
1000000000 1 3425
1000000000 1 3426
1000000000 1 3427
1000000000 1 3428
1000000000 1 3429
1000000000 1 3430
1000000000 1 3431
1000000000 1 3432
1000000000 1 3433
1000000000 1 3434
1000000000 1 3435
1000000000 1 3436
1000000000 1 3437
1000000000 1 3438
1000000000 1 3439
1000000000 1 3440
1000000000 1 3441
1000000000 1 3442
1000000000 1 3443
1000000000 1 3444
1000000000 1 3445
1000000000 1 3446
1000000000 1 3447
1000000000 1 3448
1000000000 1 3449
1000000000 1 3450
1000000000 1 3451
1000000000 1 3452
1000000000 1 3453
1000000000 1 3454
1000000000 1 3455
1000000000 1 3456
1000000000 1 3457
1000000000 1 3458
1000000000 1 3459
1000000000 1 3460
1000000000 1 3461
1000000000 1 3462
1000000000 1 3463
1000000000 1 3464
1000000000 1 3465
1000000000 1 3466
1000000000 1 3467
1000000000 1 3468
1000000000 1 3469
1000000000 1 3470
1000000000 1 3471
1000000000 1 3472
1000000000 1 3473
1000000000 1 3474
1000000000 1 3475
1000000000 1 3476
1000000000 1 3477
1000000000 1 3478
1000000000 1 3479
1000000000 1 3480
1000000000 1 3481
1000000000 1 3482
1000000000 1 3483
1000000000 1 3484
1000000000 1 3485
1000000000 1 3486
1000000000 1 3487
1000000000 1 3488
1000000000 1 3489
1000000000 1 3490
1000000000 1 3491
1000000000 1 3492
1000000000 1 3493
1000000000 1 3494
1000000000 1 3495
1000000000 1 3496
1000000000 1 3497
1000000000 1 3498
1000000000 1 3499
1000000000 1 3500
1000000000 1 3501
1000000000 1 3502
1000000000 1 3503
1000000000 1 3504
1000000000 1 3505
1000000000 1 3506
1000000000 1 3507
1000000000 1 3508
1000000000 1 3509
1000000000 1 3510
1000000000 1 3511
1000000000 1 3512
1000000000 1 3513
1000000000 1 3514
1000000000 1 3515
1000000000 1 3516
1000000000 1 3517
1000000000 1 3518
1000000000 1 3519
1000000000 1 3520
1000000000 1 3521
1000000000 1 3522
1000000000 1 3523
1000000000 1 3524
1000000000 1 3525
1000000000 1 3526
1000000000 1 3527
1000000000 1 3528
1000000000 1 3529
1000000000 1 3530
1000000000 1 3531
1000000000 1 3532
1000000000 1 3533
1000000000 1 3534
1000000000 1 3535
1000000000 1 3536
1000000000 1 3537
1000000000 1 3538
1000000000 1 3539
1000000000 1 3540
1000000000 1 3541
1000000000 1 3542
1000000000 1 3543
1000000000 1 3544
1000000000 1 3545
1000000000 1 3546
1000000000 1 3547
1000000000 1 3548
1000000000 1 3549
1000000000 1 3550
1000000000 1 3551
1000000000 1 3552
1000000000 1 3553
1000000000 1 3554
1000000000 1 3555
1000000000 1 3556
1000000000 1 3557
1000000000 1 3558
1000000000 1 3559
1000000000 1 3560
1000000000 1 3561
1000000000 1 3562
1000000000 1 3563
1000000000 1 3564
1000000000 1 3565
1000000000 1 3566
1000000000 1 3567
1000000000 1 3568
1000000000 1 3569
1000000000 1 3570
1000000000 1 3571
1000000000 1 3572
1000000000 1 3573
1000000000 1 3574
1000000000 1 3575
1000000000 1 3576
1000000000 1 3577
1000000000 1 3578
1000000000 1 3579
1000000000 1 3580
1000000000 1 3581
1000000000 1 3582
1000000000 1 3583
1000000000 1 3584
1000000000 1 3585
1000000000 1 3586
1000000000 1 3587
1000000000 1 3588
1000000000 1 3589
1000000000 1 3590
1000000000 1 3591
1000000000 1 3592
1000000000 1 3593
1000000000 1 3594
1000000000 1 3595
1000000000 1 3596
1000000000 1 3597
1000000000 1 3598
1000000000 1 3599
1000000000 1 3600
1000000000 1 3601
1000000000 1 3602
1000000000 1 3603
1000000000 1 3604
1000000000 1 3605
1000000000 1 3606
1000000000 1 3607
1000000000 1 3608
1000000000 1 3609
1000000000 1 3610
1000000000 1 3611
1000000000 1 3612
1000000000 1 3613
1000000000 1 3614
1000000000 1 3615
1000000000 1 3616
1000000000 1 3617
1000000000 1 3618
1000000000 1 3619
1000000000 1 3620
1000000000 1 3621
1000000000 1 3622
1000000000 1 3623
1000000000 1 3624
1000000000 1 3625
1000000000 1 3626
1000000000 1 3627
1000000000 1 3628
1000000000 1 3629
1000000000 1 3630
1000000000 1 3631
1000000000 1 3632
1000000000 1 3633
1000000000 1 3634
1000000000 1 3635
1000000000 1 3636
1000000000 1 3637
1000000000 1 3638
1000000000 1 3639
1000000000 1 3640
1000000000 1 3641
1000000000 1 3642
1000000000 1 3643
1000000000 1 3644
1000000000 1 3645
1000000000 1 3646
1000000000 1 3647
1000000000 1 3648
1000000000 1 3649
1000000000 1 3650
1000000000 1 3651
1000000000 1 3652
1000000000 1 3653
1000000000 1 3654
1000000000 1 3655
1000000000 1 3656
1000000000 1 3657
1000000000 1 3658
1000000000 1 3659
1000000000 1 3660
1000000000 1 3661
1000000000 1 3662
1000000000 1 3663
1000000000 1 3664
1000000000 1 3665
1000000000 1 3666
1000000000 1 3667
1000000000 1 3668
1000000000 1 3669
1000000000 1 3670
1000000000 1 3671
1000000000 1 3672
1000000000 1 3673
1000000000 1 3674
1000000000 1 3675
1000000000 1 3676
1000000000 1 3677
1000000000 1 3678
1000000000 1 3679
1000000000 1 3680
1000000000 1 3681
1000000000 1 3682
1000000000 1 3683
1000000000 1 3684
1000000000 1 3685
1000000000 1 3686
1000000000 1 3687
1000000000 1 3688
1000000000 1 3689
1000000000 1 3690
1000000000 1 3691
1000000000 1 3692
1000000000 1 3693
1000000000 1 3694
1000000000 1 3695
1000000000 1 3696
1000000000 1 3697
1000000000 1 3698
1000000000 1 3699
1000000000 1 3700
1000000000 1 3701
1000000000 1 3702
1000000000 1 3703
1000000000 1 3704
1000000000 1 3705
1000000000 1 3706
1000000000 1 3707
1000000000 1 3708
1000000000 1 3709
1000000000 1 3710
1000000000 1 3711
1000000000 1 3712
1000000000 1 3713
1000000000 1 3714
1000000000 1 3715
1000000000 1 3716
1000000000 1 3717
1000000000 1 3718
1000000000 1 3719
1000000000 1 3720
1000000000 1 3721
1000000000 1 3722
1000000000 1 3723
1000000000 1 3724
1000000000 1 3725
1000000000 1 3726
1000000000 1 3727
1000000000 1 3728
1000000000 1 3729
1000000000 1 3730
1000000000 1 3731
1000000000 1 3732
1000000000 1 3733
1000000000 1 3734
1000000000 1 3735
1000000000 1 3736
1000000000 1 3737
1000000000 1 3738
1000000000 1 3739
1000000000 1 3740
1000000000 1 3741
1000000000 1 3742
1000000000 1 3743
1000000000 1 3744
1000000000 1 3745
1000000000 1 3746
1000000000 1 3747
1000000000 1 3748
1000000000 1 3749
1000000000 1 3750
1000000000 1 3751
1000000000 1 3752
1000000000 1 3753
1000000000 1 3754
1000000000 1 3755
1000000000 1 3756
1000000000 1 3757
1000000000 1 3758
1000000000 1 3759
1000000000 1 3760
1000000000 1 3761
1000000000 1 3762
1000000000 1 3763
1000000000 1 3764
1000000000 1 3765
1000000000 1 3766
1000000000 1 3767
1000000000 1 3768
1000000000 1 3769
1000000000 1 3770
1000000000 1 3771
1000000000 1 3772
1000000000 1 3773
1000000000 1 3774
1000000000 1 3775
1000000000 1 3776
1000000000 1 3777
1000000000 1 3778
1000000000 1 3779
1000000000 1 3780
1000000000 1 3781
1000000000 1 3782
1000000000 1 3783
1000000000 1 3784
1000000000 1 3785
1000000000 1 3786
1000000000 1 3787
1000000000 1 3788
1000000000 1 3789
1000000000 1 3790
1000000000 1 3791
1000000000 1 3792
1000000000 1 3793
1000000000 1 3794
1000000000 1 3795
1000000000 1 3796
1000000000 1 3797
1000000000 1 3798
1000000000 1 3799
1000000000 1 3800
1000000000 1 3801
1000000000 1 3802
1000000000 1 3803
1000000000 1 3804
1000000000 1 3805
1000000000 1 3806
1000000000 1 3807
1000000000 1 3808
1000000000 1 3809
1000000000 1 3810
1000000000 1 3811
1000000000 1 3812
1000000000 1 3813
1000000000 1 3814
1000000000 1 3815
1000000000 1 3816
1000000000 1 3817
1000000000 1 3818
1000000000 1 3819
1000000000 1 3820
1000000000 1 3821
1000000000 1 3822
1000000000 1 3823
1000000000 1 3824
1000000000 1 3825
1000000000 1 3826
1000000000 1 3827
1000000000 1 3828
1000000000 1 3829
1000000000 1 3830
1000000000 1 3831
1000000000 1 3832
1000000000 1 3833
1000000000 1 3834
1000000000 1 3835
1000000000 1 3836
1000000000 1 3837
1000000000 1 3838
1000000000 1 3839
1000000000 1 3840
1000000000 1 3841
1000000000 1 3842
1000000000 1 3843
1000000000 1 3844
1000000000 1 3845
1000000000 1 3846
1000000000 1 3847
1000000000 1 3848
1000000000 1 3849
1000000000 1 3850
1000000000 1 3851
1000000000 1 3852
1000000000 1 3853
1000000000 1 3854
1000000000 1 3855
1000000000 1 3856
1000000000 1 3857
1000000000 1 3858
1000000000 1 3859
1000000000 1 3860
1000000000 1 3861
1000000000 1 3862
1000000000 1 3863
1000000000 1 3864
1000000000 1 3865
1000000000 1 3866
1000000000 1 3867
1000000000 1 3868
1000000000 1 3869
1000000000 1 3870
1000000000 1 3871
1000000000 1 3872
1000000000 1 3873
1000000000 1 3874
1000000000 1 3875
1000000000 1 3876
1000000000 1 3877
1000000000 1 3878
1000000000 1 3879
1000000000 1 3880
1000000000 1 3881
1000000000 1 3882
1000000000 1 3883
1000000000 1 3884
1000000000 1 3885
1000000000 1 3886
1000000000 1 3887
1000000000 1 3888
1000000000 1 3889
1000000000 1 3890
1000000000 1 3891
1000000000 1 3892
1000000000 1 3893
1000000000 1 3894
1000000000 1 3895
1000000000 1 3896
1000000000 1 3897
1000000000 1 3898
1000000000 1 3899
1000000000 1 3900
1000000000 1 3901
1000000000 1 3902
1000000000 1 3903
1000000000 1 3904
1000000000 1 3905
1000000000 1 3906
1000000000 1 3907
1000000000 1 3908
1000000000 1 3909
1000000000 1 3910
1000000000 1 3911
1000000000 1 3912
1000000000 1 3913
1000000000 1 3914
1000000000 1 3915
1000000000 1 3916
1000000000 1 3917
1000000000 1 3918
1000000000 1 3919
1000000000 1 3920
1000000000 1 3921
1000000000 1 3922
1000000000 1 3923
1000000000 1 3924
1000000000 1 3925
1000000000 1 3926
1000000000 1 3927
1000000000 1 3928
1000000000 1 3929
1000000000 1 3930
1000000000 1 3931
1000000000 1 3932
1000000000 1 3933
1000000000 1 3934
1000000000 1 3935
1000000000 1 3936
1000000000 1 3937
1000000000 1 3938
1000000000 1 3939
1000000000 1 3940
1000000000 1 3941
1000000000 1 3942
1000000000 1 3943
1000000000 1 3944
1000000000 1 3945
1000000000 1 3946
1000000000 1 3947
1000000000 1 3948
1000000000 1 3949
1000000000 1 3950
1000000000 1 3951
1000000000 1 3952
1000000000 1 3953
1000000000 1 3954
1000000000 1 3955
1000000000 1 3956
1000000000 1 3957
1000000000 1 3958
1000000000 1 3959
1000000000 1 3960
1000000000 1 3961
1000000000 1 3962
1000000000 1 3963
1000000000 1 3964
1000000000 1 3965
1000000000 1 3966
1000000000 1 3967
1000000000 1 3968
1000000000 1 3969
1000000000 1 3970
1000000000 1 3971
1000000000 1 3972
1000000000 1 3973
1000000000 1 3974
1000000000 1 3975
1000000000 1 3976
1000000000 1 3977
1000000000 1 3978
1000000000 1 3979
1000000000 1 3980
1000000000 1 3981
1000000000 1 3982
1000000000 1 3983
1000000000 1 3984
1000000000 1 3985
1000000000 1 3986
1000000000 1 3987
1000000000 1 3988
1000000000 1 3989
1000000000 1 3990
1000000000 1 3991
1000000000 1 3992
1000000000 1 3993
1000000000 1 3994
1000000000 1 3995
1000000000 1 3996
1000000000 1 3997
1000000000 1 3998
1000000000 1 3999
1000000000 1 4000
1000000000 1 4001
1000000000 1 4002
1000000000 1 4003
1000000000 1 4004
1000000000 1 4005
1000000000 1 4006
1000000000 1 4007
1000000000 1 4008
1000000000 1 4009
1000000000 1 4010
1000000000 1 4011
1000000000 1 4012
1000000000 1 4013
1000000000 1 4014
1000000000 1 4015
1000000000 1 4016
1000000000 1 4017
1000000000 1 4018
1000000000 1 4019
1000000000 1 4020
1000000000 1 4021
1000000000 1 4022
1000000000 1 4023
1000000000 1 4024
1000000000 1 4025
1000000000 1 4026
1000000000 1 4027
1000000000 1 4028
1000000000 1 4029
1000000000 1 4030
1000000000 1 4031
1000000000 1 4032
1000000000 1 4033
1000000000 1 4034
1000000000 1 4035
1000000000 1 4036
1000000000 1 4037
1000000000 1 4038
1000000000 1 4039
1000000000 1 4040
1000000000 1 4041
1000000000 1 4042
1000000000 1 4043
1000000000 1 4044
1000000000 1 4045
1000000000 1 4046
1000000000 1 4047
1000000000 1 4048
1000000000 1 4049
1000000000 1 4050
1000000000 1 4051
1000000000 1 4052
1000000000 1 4053
1000000000 1 4054
1000000000 1 4055
1000000000 1 4056
1000000000 1 4057
1000000000 1 4058
1000000000 1 4059
1000000000 1 4060
1000000000 1 4061
1000000000 1 4062
1000000000 1 4063
1000000000 1 4064
1000000000 1 4065
1000000000 1 4066
1000000000 1 4067
1000000000 1 4068
1000000000 1 4069
1000000000 1 4070
1000000000 1 4071
1000000000 1 4072
1000000000 1 4073
1000000000 1 4074
1000000000 1 4075
1000000000 1 4076
1000000000 1 4077
1000000000 1 4078
1000000000 1 4079
1000000000 1 4080
1000000000 1 4081
1000000000 1 4082
1000000000 1 4083
1000000000 1 4084
1000000000 1 4085
1000000000 1 4086
1000000000 1 4087
1000000000 1 4088
1000000000 1 4089
1000000000 1 4090
1000000000 1 4091
1000000000 1 4092
1000000000 1 4093
1000000000 1 4094
1000000000 1 4095
1000000000 1 4096
1000000000 1 4097
1000000000 1 4098
1000000000 1 4099
1000000000 1 4100
1000000000 1 4101
1000000000 1 4102
1000000000 1 4103
1000000000 1 4104
1000000000 1 4105
1000000000 1 4106
1000000000 1 4107
1000000000 1 4108
1000000000 1 4109
1000000000 1 4110
1000000000 1 4111
1000000000 1 4112
1000000000 1 4113
1000000000 1 4114
1000000000 1 4115
1000000000 1 4116
1000000000 1 4117
1000000000 1 4118
1000000000 1 4119
1000000000 1 4120
1000000000 1 4121
1000000000 1 4122
1000000000 1 4123
1000000000 1 4124
1000000000 1 4125
1000000000 1 4126
1000000000 1 4127
1000000000 1 4128
1000000000 1 4129
1000000000 1 4130
1000000000 1 4131
1000000000 1 4132
1000000000 1 4133
1000000000 1 4134
1000000000 1 4135
1000000000 1 4136
1000000000 1 4137
1000000000 1 4138
1000000000 1 4139
1000000000 1 4140
1000000000 1 4141
1000000000 1 4142
1000000000 1 4143
1000000000 1 4144
1000000000 1 4145
1000000000 1 4146
1000000000 1 4147
1000000000 1 4148
1000000000 1 4149
1000000000 1 4150
1000000000 1 4151
1000000000 1 4152
1000000000 1 4153
1000000000 1 4154
1000000000 1 4155
1000000000 1 4156
1000000000 1 4157
1000000000 1 4158
1000000000 1 4159
1000000000 1 4160
1000000000 1 4161
1000000000 1 4162
1000000000 1 4163
1000000000 1 4164
1000000000 1 4165
1000000000 1 4166
1000000000 1 4167
1000000000 1 4168
1000000000 1 4169
1000000000 1 4170
1000000000 1 4171
1000000000 1 4172
1000000000 1 4173
1000000000 1 4174
1000000000 1 4175
1000000000 1 4176
1000000000 1 4177
1000000000 1 4178
1000000000 1 4179
1000000000 1 4180
1000000000 1 4181
1000000000 1 4182
1000000000 1 4183
1000000000 1 4184
1000000000 1 4185
1000000000 1 4186
1000000000 1 4187
1000000000 1 4188
1000000000 1 4189
1000000000 1 4190
1000000000 1 4191
1000000000 1 4192
1000000000 1 4193
1000000000 1 4194
1000000000 1 4195
1000000000 1 4196
1000000000 1 4197
1000000000 1 4198
1000000000 1 4199
1000000000 1 4200
1000000000 1 4201
1000000000 1 4202
1000000000 1 4203
1000000000 1 4204
1000000000 1 4205
1000000000 1 4206
1000000000 1 4207
1000000000 1 4208
1000000000 1 4209
1000000000 1 4210
1000000000 1 4211
1000000000 1 4212
1000000000 1 4213
1000000000 1 4214
1000000000 1 4215
1000000000 1 4216
1000000000 1 4217
1000000000 1 4218
1000000000 1 4219
1000000000 1 4220
1000000000 1 4221
1000000000 1 4222
1000000000 1 4223
1000000000 1 4224
1000000000 1 4225
1000000000 1 4226
1000000000 1 4227
1000000000 1 4228
1000000000 1 4229
1000000000 1 4230
1000000000 1 4231
1000000000 1 4232
1000000000 1 4233
1000000000 1 4234
1000000000 1 4235
1000000000 1 4236
1000000000 1 4237
1000000000 1 4238
1000000000 1 4239
1000000000 1 4240
1000000000 1 4241
1000000000 1 4242
1000000000 1 4243
1000000000 1 4244
1000000000 1 4245
1000000000 1 4246
1000000000 1 4247
1000000000 1 4248
1000000000 1 4249
1000000000 1 4250
1000000000 1 4251
1000000000 1 4252
1000000000 1 4253
1000000000 1 4254
1000000000 1 4255
1000000000 1 4256
1000000000 1 4257
1000000000 1 4258
1000000000 1 4259
1000000000 1 4260
1000000000 1 4261
1000000000 1 4262
1000000000 1 4263
1000000000 1 4264
1000000000 1 4265
1000000000 1 4266
1000000000 1 4267
1000000000 1 4268
1000000000 1 4269
1000000000 1 4270
1000000000 1 4271
1000000000 1 4272
1000000000 1 4273
1000000000 1 4274
1000000000 1 4275
1000000000 1 4276
1000000000 1 4277
1000000000 1 4278
1000000000 1 4279
1000000000 1 4280
1000000000 1 4281
1000000000 1 4282
1000000000 1 4283
1000000000 1 4284
1000000000 1 4285
1000000000 1 4286
1000000000 1 4287
1000000000 1 4288
1000000000 1 4289
1000000000 1 4290
1000000000 1 4291
1000000000 1 4292
1000000000 1 4293
1000000000 1 4294
1000000000 1 4295
1000000000 1 4296
1000000000 1 4297
1000000000 1 4298
1000000000 1 4299
1000000000 1 4300
1000000000 1 4301
1000000000 1 4302
1000000000 1 4303
1000000000 1 4304
1000000000 1 4305
1000000000 1 4306
1000000000 1 4307
1000000000 1 4308
1000000000 1 4309
1000000000 1 4310
1000000000 1 4311
1000000000 1 4312
1000000000 1 4313
1000000000 1 4314
1000000000 1 4315
1000000000 1 4316
1000000000 1 4317
1000000000 1 4318
1000000000 1 4319
1000000000 1 4320
1000000000 1 4321
1000000000 1 4322
1000000000 1 4323
1000000000 1 4324
1000000000 1 4325
1000000000 1 4326
1000000000 1 4327
1000000000 1 4328
1000000000 1 4329
1000000000 1 4330
1000000000 1 4331
1000000000 1 4332
1000000000 1 4333
1000000000 1 4334
1000000000 1 4335
1000000000 1 4336
1000000000 1 4337
1000000000 1 4338
1000000000 1 4339
1000000000 1 4340
1000000000 1 4341
1000000000 1 4342
1000000000 1 4343
1000000000 1 4344
1000000000 1 4345
1000000000 1 4346
1000000000 1 4347
1000000000 1 4348
1000000000 1 4349
1000000000 1 4350
1000000000 1 4351
1000000000 1 4352
1000000000 1 4353
1000000000 1 4354
1000000000 1 4355
1000000000 1 4356
1000000000 1 4357
1000000000 1 4358
1000000000 1 4359
1000000000 1 4360
1000000000 1 4361
1000000000 1 4362
1000000000 1 4363
1000000000 1 4364
1000000000 1 4365
1000000000 1 4366
1000000000 1 4367
1000000000 1 4368
1000000000 1 4369
1000000000 1 4370
1000000000 1 4371
1000000000 1 4372
1000000000 1 4373
1000000000 1 4374
1000000000 1 4375
1000000000 1 4376
1000000000 1 4377
1000000000 1 4378
1000000000 1 4379
1000000000 1 4380
1000000000 1 4381
1000000000 1 4382
1000000000 1 4383
1000000000 1 4384
1000000000 1 4385
1000000000 1 4386
1000000000 1 4387
1000000000 1 4388
1000000000 1 4389
1000000000 1 4390
1000000000 1 4391
1000000000 1 4392
1000000000 1 4393
1000000000 1 4394
1000000000 1 4395
1000000000 1 4396
1000000000 1 4397
1000000000 1 4398
1000000000 1 4399
1000000000 1 4400
1000000000 1 4401
1000000000 1 4402
1000000000 1 4403
1000000000 1 4404
1000000000 1 4405
1000000000 1 4406
1000000000 1 4407
1000000000 1 4408
1000000000 1 4409
1000000000 1 4410
1000000000 1 4411
1000000000 1 4412
1000000000 1 4413
1000000000 1 4414
1000000000 1 4415
1000000000 1 4416
1000000000 1 4417
1000000000 1 4418
1000000000 1 4419
1000000000 1 4420
1000000000 1 4421
1000000000 1 4422
1000000000 1 4423
1000000000 1 4424
1000000000 1 4425
1000000000 1 4426
1000000000 1 4427
1000000000 1 4428
1000000000 1 4429
1000000000 1 4430
1000000000 1 4431
1000000000 1 4432
1000000000 1 4433
1000000000 1 4434
1000000000 1 4435
1000000000 1 4436
1000000000 1 4437
1000000000 1 4438
1000000000 1 4439
1000000000 1 4440
1000000000 1 4441
1000000000 1 4442
1000000000 1 4443
1000000000 1 4444
1000000000 1 4445
1000000000 1 4446
1000000000 1 4447
1000000000 1 4448
1000000000 1 4449
1000000000 1 4450
1000000000 1 4451
1000000000 1 4452
1000000000 1 4453
1000000000 1 4454
1000000000 1 4455
1000000000 1 4456
1000000000 1 4457
1000000000 1 4458
1000000000 1 4459
1000000000 1 4460
1000000000 1 4461
1000000000 1 4462
1000000000 1 4463
1000000000 1 4464
1000000000 1 4465
1000000000 1 4466
1000000000 1 4467
1000000000 1 4468
1000000000 1 4469
1000000000 1 4470
1000000000 1 4471
1000000000 1 4472
1000000000 1 4473
1000000000 1 4474
1000000000 1 4475
1000000000 1 4476
1000000000 1 4477
1000000000 1 4478
1000000000 1 4479
1000000000 1 4480
1000000000 1 4481
1000000000 1 4482
1000000000 1 4483
1000000000 1 4484
1000000000 1 4485
1000000000 1 4486
1000000000 1 4487
1000000000 1 4488
1000000000 1 4489
1000000000 1 4490
1000000000 1 4491
1000000000 1 4492
1000000000 1 4493
1000000000 1 4494
1000000000 1 4495
1000000000 1 4496
1000000000 1 4497
1000000000 1 4498
1000000000 1 4499
1000000000 1 4500
1000000000 1 4501
1000000000 1 4502
1000000000 1 4503
1000000000 1 4504
1000000000 1 4505
1000000000 1 4506
1000000000 1 4507
1000000000 1 4508
1000000000 1 4509
1000000000 1 4510
1000000000 1 4511
1000000000 1 4512
1000000000 1 4513
1000000000 1 4514
1000000000 1 4515
1000000000 1 4516
1000000000 1 4517
1000000000 1 4518
1000000000 1 4519
1000000000 1 4520
1000000000 1 4521
1000000000 1 4522
1000000000 1 4523
1000000000 1 4524
1000000000 1 4525
1000000000 1 4526
1000000000 1 4527
1000000000 1 4528
1000000000 1 4529
1000000000 1 4530
1000000000 1 4531
1000000000 1 4532
1000000000 1 4533
1000000000 1 4534
1000000000 1 4535
1000000000 1 4536
1000000000 1 4537
1000000000 1 4538
1000000000 1 4539
1000000000 1 4540
1000000000 1 4541
1000000000 1 4542
1000000000 1 4543
1000000000 1 4544
1000000000 1 4545
1000000000 1 4546
1000000000 1 4547
1000000000 1 4548
1000000000 1 4549
1000000000 1 4550
1000000000 1 4551
1000000000 1 4552
1000000000 1 4553
1000000000 1 4554
1000000000 1 4555
1000000000 1 4556
1000000000 1 4557
1000000000 1 4558
1000000000 1 4559
1000000000 1 4560
1000000000 1 4561
1000000000 1 4562
1000000000 1 4563
1000000000 1 4564
1000000000 1 4565
1000000000 1 4566
1000000000 1 4567
1000000000 1 4568
1000000000 1 4569
1000000000 1 4570
1000000000 1 4571
1000000000 1 4572
1000000000 1 4573
1000000000 1 4574
1000000000 1 4575
1000000000 1 4576
1000000000 1 4577
1000000000 1 4578
1000000000 1 4579
1000000000 1 4580
1000000000 1 4581
1000000000 1 4582
1000000000 1 4583
1000000000 1 4584
1000000000 1 4585
1000000000 1 4586
1000000000 1 4587
1000000000 1 4588
1000000000 1 4589
1000000000 1 4590
1000000000 1 4591
1000000000 1 4592
1000000000 1 4593
1000000000 1 4594
1000000000 1 4595
1000000000 1 4596
1000000000 1 4597
1000000000 1 4598
1000000000 1 4599
1000000000 1 4600
1000000000 1 4601
1000000000 1 4602
1000000000 1 4603
1000000000 1 4604
1000000000 1 4605
1000000000 1 4606
1000000000 1 4607
1000000000 1 4608
1000000000 1 4609
1000000000 1 4610
1000000000 1 4611
1000000000 1 4612
1000000000 1 4613
1000000000 1 4614
1000000000 1 4615
1000000000 1 4616
1000000000 1 4617
1000000000 1 4618
1000000000 1 4619
1000000000 1 4620
1000000000 1 4621
1000000000 1 4622
1000000000 1 4623
1000000000 1 4624
1000000000 1 4625
1000000000 1 4626
1000000000 1 4627
1000000000 1 4628
1000000000 1 4629
1000000000 1 4630
1000000000 1 4631
1000000000 1 4632
1000000000 1 4633
1000000000 1 4634
1000000000 1 4635
1000000000 1 4636
1000000000 1 4637
1000000000 1 4638
1000000000 1 4639
1000000000 1 4640
1000000000 1 4641
1000000000 1 4642
1000000000 1 4643
1000000000 1 4644
1000000000 1 4645
1000000000 1 4646
1000000000 1 4647
1000000000 1 4648
1000000000 1 4649
1000000000 1 4650
1000000000 1 4651
1000000000 1 4652
1000000000 1 4653
1000000000 1 4654
1000000000 1 4655
1000000000 1 4656
1000000000 1 4657
1000000000 1 4658
1000000000 1 4659
1000000000 1 4660
1000000000 1 4661
1000000000 1 4662
1000000000 1 4663
1000000000 1 4664
1000000000 1 4665
1000000000 1 4666
1000000000 1 4667
1000000000 1 4668
1000000000 1 4669
1000000000 1 4670
1000000000 1 4671
1000000000 1 4672
1000000000 1 4673
1000000000 1 4674
1000000000 1 4675
1000000000 1 4676
1000000000 1 4677
1000000000 1 4678
1000000000 1 4679
1000000000 1 4680
1000000000 1 4681
1000000000 1 4682
1000000000 1 4683
1000000000 1 4684
1000000000 1 4685
1000000000 1 4686
1000000000 1 4687
1000000000 1 4688
1000000000 1 4689
1000000000 1 4690
1000000000 1 4691
1000000000 1 4692
1000000000 1 4693
1000000000 1 4694
1000000000 1 4695
1000000000 1 4696
1000000000 1 4697
1000000000 1 4698
1000000000 1 4699
1000000000 1 4700
1000000000 1 4701
1000000000 1 4702
1000000000 1 4703
1000000000 1 4704
1000000000 1 4705
1000000000 1 4706
1000000000 1 4707
1000000000 1 4708
1000000000 1 4709
1000000000 1 4710
1000000000 1 4711
1000000000 1 4712
1000000000 1 4713
1000000000 1 4714
1000000000 1 4715
1000000000 1 4716
1000000000 1 4717
1000000000 1 4718
1000000000 1 4719
1000000000 1 4720
1000000000 1 4721
1000000000 1 4722
1000000000 1 4723
1000000000 1 4724
1000000000 1 4725
1000000000 1 4726
1000000000 1 4727
1000000000 1 4728
1000000000 1 4729
1000000000 1 4730
1000000000 1 4731
1000000000 1 4732
1000000000 1 4733
1000000000 1 4734
1000000000 1 4735
1000000000 1 4736
1000000000 1 4737
1000000000 1 4738
1000000000 1 4739
1000000000 1 4740
1000000000 1 4741
1000000000 1 4742
1000000000 1 4743
1000000000 1 4744
1000000000 1 4745
1000000000 1 4746
1000000000 1 4747
1000000000 1 4748
1000000000 1 4749
1000000000 1 4750
1000000000 1 4751
1000000000 1 4752
1000000000 1 4753
1000000000 1 4754
1000000000 1 4755
1000000000 1 4756
1000000000 1 4757
1000000000 1 4758
1000000000 1 4759
1000000000 1 4760
1000000000 1 4761
1000000000 1 4762
1000000000 1 4763
1000000000 1 4764
1000000000 1 4765
1000000000 1 4766
1000000000 1 4767
1000000000 1 4768
1000000000 1 4769
1000000000 1 4770
1000000000 1 4771
1000000000 1 4772
1000000000 1 4773
1000000000 1 4774
1000000000 1 4775
1000000000 1 4776
1000000000 1 4777
1000000000 1 4778
1000000000 1 4779
1000000000 1 4780
1000000000 1 4781
1000000000 1 4782
1000000000 1 4783
1000000000 1 4784
1000000000 1 4785
1000000000 1 4786
1000000000 1 4787
1000000000 1 4788
1000000000 1 4789
1000000000 1 4790
1000000000 1 4791
1000000000 1 4792
1000000000 1 4793
1000000000 1 4794
1000000000 1 4795
1000000000 1 4796
1000000000 1 4797
1000000000 1 4798
1000000000 1 4799
1000000000 1 4800
1000000000 1 4801
1000000000 1 4802
1000000000 1 4803
1000000000 1 4804
1000000000 1 4805
1000000000 1 4806
1000000000 1 4807
1000000000 1 4808
1000000000 1 4809
1000000000 1 4810
1000000000 1 4811
1000000000 1 4812
1000000000 1 4813
1000000000 1 4814
1000000000 1 4815
1000000000 1 4816
1000000000 1 4817
1000000000 1 4818
1000000000 1 4819
1000000000 1 4820
1000000000 1 4821
1000000000 1 4822
1000000000 1 4823
1000000000 1 4824
1000000000 1 4825
1000000000 1 4826
1000000000 1 4827
1000000000 1 4828
1000000000 1 4829
1000000000 1 4830
1000000000 1 4831
1000000000 1 4832
1000000000 1 4833
1000000000 1 4834
1000000000 1 4835
1000000000 1 4836
1000000000 1 4837
1000000000 1 4838
1000000000 1 4839
1000000000 1 4840
1000000000 1 4841
1000000000 1 4842
1000000000 1 4843
1000000000 1 4844
1000000000 1 4845
1000000000 1 4846
1000000000 1 4847
1000000000 1 4848
1000000000 1 4849
1000000000 1 4850
1000000000 1 4851
1000000000 1 4852
1000000000 1 4853
1000000000 1 4854
1000000000 1 4855
1000000000 1 4856
1000000000 1 4857
1000000000 1 4858
1000000000 1 4859
1000000000 1 4860
1000000000 1 4861
1000000000 1 4862
1000000000 1 4863
1000000000 1 4864
1000000000 1 4865
1000000000 1 4866
1000000000 1 4867
1000000000 1 4868
1000000000 1 4869
1000000000 1 4870
1000000000 1 4871
1000000000 1 4872
1000000000 1 4873
1000000000 1 4874
1000000000 1 4875
1000000000 1 4876
1000000000 1 4877
1000000000 1 4878
1000000000 1 4879
1000000000 1 4880
1000000000 1 4881
1000000000 1 4882
1000000000 1 4883
1000000000 1 4884
1000000000 1 4885
1000000000 1 4886
1000000000 1 4887
1000000000 1 4888
1000000000 1 4889
1000000000 1 4890
1000000000 1 4891
1000000000 1 4892
1000000000 1 4893
1000000000 1 4894
1000000000 1 4895
1000000000 1 4896
1000000000 1 4897
1000000000 1 4898
1000000000 1 4899
1000000000 1 4900
1000000000 1 4901
1000000000 1 4902
1000000000 1 4903
1000000000 1 4904
1000000000 1 4905
1000000000 1 4906
1000000000 1 4907
1000000000 1 4908
1000000000 1 4909
1000000000 1 4910
1000000000 1 4911
1000000000 1 4912
1000000000 1 4913
1000000000 1 4914
1000000000 1 4915
1000000000 1 4916
1000000000 1 4917
1000000000 1 4918
1000000000 1 4919
1000000000 1 4920
1000000000 1 4921
1000000000 1 4922
1000000000 1 4923
1000000000 1 4924
1000000000 1 4925
1000000000 1 4926
1000000000 1 4927
1000000000 1 4928
1000000000 1 4929
1000000000 1 4930
1000000000 1 4931
1000000000 1 4932
1000000000 1 4933
1000000000 1 4934
1000000000 1 4935
1000000000 1 4936
1000000000 1 4937
1000000000 1 4938
1000000000 1 4939
1000000000 1 4940
1000000000 1 4941
1000000000 1 4942
1000000000 1 4943
1000000000 1 4944
1000000000 1 4945
1000000000 1 4946
1000000000 1 4947
1000000000 1 4948
1000000000 1 4949
1000000000 1 4950
1000000000 1 4951
1000000000 1 4952
1000000000 1 4953
1000000000 1 4954
1000000000 1 4955
1000000000 1 4956
1000000000 1 4957
1000000000 1 4958
1000000000 1 4959
1000000000 1 4960
1000000000 1 4961
1000000000 1 4962
1000000000 1 4963
1000000000 1 4964
1000000000 1 4965
1000000000 1 4966
1000000000 1 4967
1000000000 1 4968
1000000000 1 4969
1000000000 1 4970
1000000000 1 4971
1000000000 1 4972
1000000000 1 4973
1000000000 1 4974
1000000000 1 4975
1000000000 1 4976
1000000000 1 4977
1000000000 1 4978
1000000000 1 4979
1000000000 1 4980
1000000000 1 4981
1000000000 1 4982
1000000000 1 4983
1000000000 1 4984
1000000000 1 4985
1000000000 1 4986
1000000000 1 4987
1000000000 1 4988
1000000000 1 4989
1000000000 1 4990
1000000000 1 4991
1000000000 1 4992
1000000000 1 4993
1000000000 1 4994
1000000000 1 4995
1000000000 1 4996
1000000000 1 4997
1000000000 1 4998
1000000000 1 4999
1000000000 1 5000
